
 ==================================================================================
 PQNL1_SLIM v. 46  (Tue, 14 Jun 2011) based on v.1017
 ==================================================================================
 No. rows              :      120      No. columns           :      512
 Initial tau           : 0.00e+000      Two-norm of b         : 2.19e+000
 Optimality tol        : 1.00e-004      Target objective      : 1.00e-003
 Basis pursuit tol     : 1.00e-006      Maximum iterations    :      100

     0  2.1872554e+000  0.0000000e+000  1.00e+000  3.195e-001     0.0       0       0  1.4968802e+001

Inside of minConf_PQN 
 Iteration   FunEvals Projections     Step Length          rNorm2        Opt Cond
         1          1          4    1.00000e+000    1.02954e+000    3.52158e+000
         2          1         10    1.00000e+000    9.12699e-001    1.94579e+000
         3          1         17    1.00000e+000    8.11965e-001    1.28125e+000
         4          1         26    1.00000e+000    7.45113e-001    9.72676e-001
         5          1         35    1.00000e+000    6.80082e-001    7.57660e-001
         6          1         45    1.00000e+000    6.43842e-001    5.67027e-001
         7          1         56    1.00000e+000    6.09975e-001    4.30304e-001
         8          1         65    1.00000e+000    5.78781e-001    3.68411e-001
         9          1         76    1.00000e+000    5.54329e-001    2.65814e-001
        10          1         84    1.00000e+000    5.46058e-001    2.04171e-001
        11          1         95    1.00000e+000    5.36648e-001    1.02419e-001
        12          1        104    1.00000e+000    5.34144e-001    7.84002e-002
break of testUpdateTau
    12  5.3414427e-001  1.0968975e-001  5.33e-001  6.248e-002     0.0      27       0  1.9526752e+001

Inside of minConf_PQN 
 Iteration   FunEvals Projections     Step Length          rNorm2        Opt Cond
        13          1          4    1.00000e+000    2.13836e-001    8.80768e-001
        14          1         10    1.00000e+000    1.88883e-001    5.63163e-001
        15          1         19    1.00000e+000    1.63354e-001    3.17337e-001
        16          1         28    1.00000e+000    1.48175e-001    2.25042e-001
        17          1         39    1.00000e+000    1.38014e-001    1.81334e-001
        18          1         50    1.00000e+000    1.26947e-001    1.50375e-001
        19          1         59    1.00000e+000    1.18163e-001    1.22006e-001
        20          1         70    1.00000e+000    1.10303e-001    1.09887e-001
        21          1         81    1.00000e+000    9.99772e-002    1.01129e-001
        22          1         99    1.00000e+000    9.07288e-002    9.73750e-002
        23          1        114    1.00000e+000    8.38016e-002    9.11688e-002
        24          1        129    1.00000e+000    7.76199e-002    7.75341e-002
        25          1        144    1.00000e+000    7.26687e-002    6.77886e-002
        26          1        156    1.00000e+000    6.98969e-002    5.26849e-002
        27          1        168    1.00000e+000    6.73916e-002    3.22026e-002
        28          1        178    1.00000e+000    6.66324e-002    2.10650e-002
        29          1        188    1.00000e+000    6.60966e-002    1.26875e-002
        30          1        197    1.00000e+000    6.58645e-002    9.83357e-003
break of testUpdateTau
    30  6.5864481e-002  1.9151019e-002  6.49e-002  6.601e-003     0.0      38       0  2.0173930e+001

Inside of minConf_PQN 
 Iteration   FunEvals Projections     Step Length          rNorm2        Opt Cond
        31          1          4    1.00000e+000    2.48600e-002    1.10682e-001
        32          1         10    1.00000e+000    2.24330e-002    6.84766e-002
        33          1         19    1.00000e+000    2.01769e-002    3.92983e-002
        34          1         27    1.00000e+000    1.91956e-002    2.82459e-002
        35          1         37    1.00000e+000    1.82234e-002    2.22080e-002
        36          1         48    1.00000e+000    1.76908e-002    1.79627e-002
        37          1         57    1.00000e+000    1.72399e-002    1.26606e-002
        38          1         68    1.00000e+000    1.70279e-002    1.02271e-002
        39          1         79    1.00000e+000    1.68989e-002    8.61412e-003
        40          1         92    1.00000e+000    1.67614e-002    8.08919e-003
        41          1        107    1.00000e+000    1.66842e-002    7.14742e-003
break of testUpdateTau
    41  1.6684184e-002  2.8561867e-003  1.57e-002  1.327e-003     0.0     105       0  2.0371194e+001

Inside of minConf_PQN 
 Iteration   FunEvals Projections     Step Length          rNorm2        Opt Cond
        42          1          4    1.00000e+000    5.35323e-003    2.61506e-002
        43          1         10    1.00000e+000    4.85990e-003    1.72395e-002
        44          1         19    1.00000e+000    4.38210e-003    1.00417e-002
        45          1         27    1.00000e+000    4.14818e-003    7.26636e-003
        46          1         37    1.00000e+000    3.98854e-003    5.45745e-003
        47          1         46    1.00000e+000    3.88081e-003    4.48124e-003
        48          1         57    1.00000e+000    3.79455e-003    3.97815e-003
        49          1         70    1.00000e+000    3.72566e-003    3.64988e-003
        50          1         82    1.00000e+000    3.67002e-003    3.33088e-003
        51          1         96    1.00000e+000    3.60528e-003    3.00852e-003
        52          1        110    1.00000e+000    3.56456e-003    2.71242e-003
        53          1        123    1.00000e+000    3.50888e-003    2.54975e-003
        54          1        140    1.00000e+000    3.46157e-003    2.80178e-003
        55          1        157    1.00000e+000    3.42440e-003    2.51565e-003
        56          1        174    1.00000e+000    3.38542e-003    2.14216e-003
        57          1        194    1.00000e+000    3.35942e-003    1.95710e-003
        58          1        218    1.00000e+000    3.32544e-003    2.13417e-003
        59          1        238    1.00000e+000    3.29952e-003    2.26704e-003
        60          1        259    1.00000e+000    3.26213e-003    2.31329e-003
        61          1        277    1.00000e+000    3.23668e-003    1.92652e-003
        62          1        294    1.00000e+000    3.20385e-003    1.71776e-003
        63          1        311    1.00000e+000    3.18957e-003    1.64026e-003
break of testUpdateTau
    63  3.1895679e-003  6.1605487e-004  2.19e-003  2.428e-004     0.0     122       0  2.0399958e+001

Inside of minConf_PQN 
 Iteration   FunEvals Projections     Step Length          rNorm2        Opt Cond
        64          1          4    1.00000e+000    1.49572e-003    4.58322e-003
        65          1         10    1.00000e+000    1.43041e-003    2.86254e-003
        66          1         19    1.00000e+000    1.38030e-003    1.58166e-003
        67          1         27    1.00000e+000    1.35747e-003    1.26416e-003
        68          1         38    1.00000e+000    1.33666e-003    9.85429e-004
        69          1         50    1.00000e+000    1.32421e-003    8.69551e-004
        70          1         61    1.00000e+000    1.31320e-003    8.58178e-004
        71          1         75    1.00000e+000    1.30467e-003    7.97696e-004
        72          1         88    1.00000e+000    1.29481e-003    8.20239e-004
        73          1        106    1.00000e+000    1.28622e-003    7.77814e-004
        74          1        123    1.00000e+000    1.27697e-003    7.30142e-004
        75          1        140    1.00000e+000    1.26721e-003    7.58409e-004
        76          1        154    1.00000e+000    1.26070e-003    7.11727e-004
        77          1        176    1.00000e+000    1.25224e-003    6.06196e-004
        78          1        203    1.00000e+000    1.24321e-003    6.99448e-004
        79          1        231    1.00000e+000    1.23562e-003    7.77085e-004
        80          1        247    1.00000e+000    1.22596e-003    7.32595e-004
        81          1        269    1.00000e+000    1.21510e-003    7.00510e-004
        82          1        287    1.00000e+000    1.20803e-003    6.78788e-004
        83          1        310    1.00000e+000    1.19928e-003    6.96959e-004
        84          1        340    1.00000e+000    1.19100e-003    7.32759e-004
        85          1        364    1.00000e+000    1.18077e-003    7.26819e-004
        86          1        381    1.00000e+000    1.16795e-003    7.99433e-004
        87          1        404    1.00000e+000    1.15966e-003    7.84130e-004
        88          1        431    1.00000e+000    1.14225e-003    7.87402e-004
        89          1        455    1.00000e+000    1.13255e-003    7.36858e-004
        90          1        476    1.00000e+000    1.12057e-003    6.91219e-004
        91          1        504    1.00000e+000    1.11109e-003    7.56748e-004
        92          1        542    1.00000e+000    1.09931e-003    8.04097e-004
find BP solution

 EXIT -- Found a root

 Products with A     :      98        Total time   (secs) :     1.9
 Products with A'    :      98        Project time (secs) :     2.6
 Newton iterations   :       5        Mat-vec time (secs) :     0.0

