
 ==================================================================================
 SPGL1_SLIM v. 46  (Tue, 14 Jun 2011) based on v.1017
 ==================================================================================
 No. rows              :    12800      No. columns           :    34341
 Initial tau           : 0.00e+00      Two-norm of b         : 2.85e+03
 Optimality tol        : 1.00e-04      Target objective      : 0.00e+00
 Basis pursuit tol     : 1.00e-06      Maximum iterations    :      200

  Iter      Objective   Relative Gap  Rel Error      gNorm   stepG    nnzX    nnzG            tau
     0  2.8471838e+03  0.0000000e+00   1.00e+00  2.693e+02     0.0       0       0  3.0102859e+04
     1  2.8187921e+03  2.0005906e+00   1.00e+00  2.610e+02    -0.3       1       0
     2  2.1197979e+03  1.2086406e+00   1.00e+00  1.117e+02     0.0     596       0
     3  2.0296717e+03  4.0079687e-01   1.00e+00  6.834e+01     0.0     846       0
     4  2.0118414e+03  2.5615236e-01   1.00e+00  5.731e+01     0.0     669       0
     5  1.9977821e+03  2.0528146e-01   1.00e+00  5.430e+01     0.0     552       0
     6  1.9916582e+03  7.7606760e-01   1.00e+00  8.910e+01     0.0     375       0
     7  2.0115681e+03  1.3289365e+00   1.00e+00  1.269e+02     0.0     372       0
     8  1.9767800e+03  2.6769977e-01   1.00e+00  5.764e+01     0.0     426       0
     9  1.9742509e+03  1.2377948e-01   1.00e+00  4.847e+01     0.0     416       0
    10  1.9726070e+03  1.1301801e-01   1.00e+00  4.764e+01     0.0     404       0
    11  1.9656000e+03  3.1743563e-01   1.00e+00  5.946e+01     0.0     314       0
    12  1.9640674e+03  1.5101421e-01   1.00e+00  4.932e+01    -0.3     336       0
    13  1.9633646e+03  2.1587805e-01   1.00e+00  5.361e+01     0.0     350       0
    14  1.9626159e+03  9.6647878e-02   1.00e+00  4.590e+01     0.0     340       0
    15  1.9621580e+03  9.3620150e-02   1.00e+00  4.576e+01     0.0     338       0
    16  1.9615966e+03  8.8107518e-02   1.00e+00  4.536e+01     0.0     337       0
    17  1.9610829e+03  4.1902578e-01   1.00e+00  6.640e+01     0.0     330       0
    18  1.9595943e+03  7.1464005e-02   1.00e+00  4.423e+01    -0.3     334       0
    19  1.9592926e+03  7.0389677e-02   1.00e+00  4.415e+01     0.0     335       0
    20  1.9588689e+03  6.9129954e-02   1.00e+00  4.402e+01     0.0     332       0
    21  1.9576244e+03  3.0605263e-01   1.00e+00  5.850e+01     0.0     291       0
    22  1.9567266e+03  5.8462805e-02   1.00e+00  4.296e+01    -0.3     301       0
    23  1.9563694e+03  5.6594371e-02   1.00e+00  4.292e+01     0.0     313       0
    24  1.9561896e+03  5.8827725e-02   1.00e+00  4.306e+01     0.0     313       0
    25  1.9558967e+03  8.6234162e-02   1.00e+00  4.479e+01     0.0     305       0
    26  1.9560995e+03  2.0043225e-01   1.00e+00  5.198e+01    -0.3     301       0
    27  1.9556271e+03  1.3259754e-01   1.00e+00  4.771e+01     0.0     303       0
    28  1.9554241e+03  5.4127609e-02   1.00e+00  4.274e+01     0.0     303       0
    29  1.9553560e+03  5.4203804e-02   1.00e+00  4.274e+01     0.0     302       0  1.1956727e+05
    30  1.8397715e+03  1.1459389e+01   1.00e+00  1.313e+02    -0.3     918       0
    31  1.2528197e+03  1.3881240e+01   1.00e+00  9.854e+01     0.0    5153       0
    32  7.8264328e+02  4.9345477e+00   1.00e+00  1.879e+01     0.0    5918       0
    33  7.4513006e+02  2.8220395e+00   1.00e+00  1.374e+01     0.0    5348       0
    34  7.2352955e+02  2.1642232e+00   1.00e+00  1.237e+01     0.0    4646       0
    35  7.0104720e+02  2.1660464e+00   1.00e+00  1.252e+01     0.0    3662       0
    36  7.4246428e+02  1.3453738e+01   1.00e+00  3.755e+01     0.0    3180       0
    37  7.1627859e+02  1.0462945e+01   1.00e+00  3.001e+01     0.0    3486       0
    38  6.8435701e+02  1.2410075e+00   1.00e+00  1.017e+01     0.0    3463       0
    39  6.8308598e+02  1.0402076e+00   1.00e+00  9.802e+00     0.0    3363       0
    40  6.8128959e+02  9.5553728e-01   1.00e+00  9.645e+00     0.0    3251       0
    41  6.7412119e+02  2.1706761e+00   1.00e+00  1.190e+01     0.0    2843       0
    42  6.8218453e+02  5.7527722e+00   1.00e+00  1.879e+01    -0.3    2913       0
    43  6.7493439e+02  5.4119872e+00   1.00e+00  1.806e+01     0.0    3044       0
    44  6.7080723e+02  6.8638479e-01   1.00e+00  9.040e+00     0.0    2971       0
    45  6.7046656e+02  6.8977461e-01   1.00e+00  9.045e+00     0.0    2926       0
    46  6.6968146e+02  7.0082436e-01   1.00e+00  9.050e+00     0.0    2867       0
    47  6.6698368e+02  3.5989331e+00   1.00e+00  1.439e+01     0.0    2592       0
    48  6.6929735e+02  6.9138633e+00   1.00e+00  2.060e+01    -0.3    2646       0
    49  6.6506487e+02  2.4083322e+00   1.00e+00  1.215e+01     0.0    2717       0
    50  6.6471911e+02  5.1310519e-01   1.00e+00  8.647e+00     0.0    2686       0
    51  6.6458825e+02  5.0680534e-01   1.00e+00  8.633e+00     0.0    2676       0
    52  6.6362320e+02  5.7503103e-01   1.00e+00  8.733e+00     0.0    2596       0
    53  6.6340350e+02  1.5579329e+00   1.00e+00  1.054e+01    -0.3    2626       0
    54  6.6353654e+02  2.7499647e+00   1.00e+00  1.273e+01     0.0    2617       0
    55  6.6308738e+02  1.5301106e+00   1.00e+00  1.049e+01     0.0    2614       0
    56  6.6294631e+02  3.4208210e-01   1.00e+00  8.304e+00     0.0    2615       0
    57  6.6286940e+02  3.3711281e-01   1.00e+00  8.294e+00     0.0    2609       0
    58  6.6129341e+02  1.5994883e+00   1.00e+00  1.054e+01     0.0    2489       0
    59  6.6203245e+02  2.5887938e+00   1.00e+00  1.241e+01    -0.3    2512       0
    60  6.6104376e+02  8.7396121e-01   1.00e+00  9.239e+00     0.0    2572       0
    61  6.6088076e+02  2.8874331e-01   1.00e+00  8.174e+00     0.0    2551       0
    62  6.6084645e+02  2.9153662e-01   1.00e+00  8.178e+00     0.0    2544       0
    63  6.6045058e+02  4.2183769e-01   1.00e+00  8.399e+00     0.0    2492       0
    64  6.6084261e+02  1.2223600e+00   1.00e+00  9.892e+00    -0.3    2507       0
    65  6.6030497e+02  9.1394766e-01   1.00e+00  9.305e+00    -0.3    2568       0
    66  6.6014954e+02  2.6932507e-01   1.00e+00  8.128e+00     0.0    2540       0
    67  6.6010859e+02  2.6587643e-01   1.00e+00  8.121e+00     0.0    2538       0
    68  6.6007272e+02  2.7092990e-01   1.00e+00  8.128e+00     0.0    2523       0
    69  6.5986830e+02  7.4181433e-01   1.00e+00  8.975e+00     0.0    2488       0
    70  6.6008022e+02  1.6389455e+00   1.00e+00  1.061e+01    -0.3    2498       0
    71  6.5976922e+02  4.8025842e-01   1.00e+00  8.503e+00     0.0    2507       0
    72  6.5973136e+02  2.6860433e-01   1.00e+00  8.117e+00     0.0    2507       0
    73  6.5971174e+02  2.6881493e-01   1.00e+00  8.117e+00     0.0    2503       0  1.7318490e+05
    74  4.7750979e+02  3.1612920e+01   1.00e+00  1.842e+01     0.0    2594       0
    75  3.8719431e+02  3.8311780e+01   1.00e+00  1.882e+01     0.0   12332       0
    76  1.5500138e+02  2.8085104e+01   1.00e+00  2.991e+00     0.0   13389       0
    77  1.4327398e+02  1.6195970e+01   1.00e+00  2.103e+00     0.0   12244       0
    78  1.3691019e+02  1.4572681e+01   1.00e+00  1.920e+00     0.0   10913       0
    79  1.2679335e+02  3.1862352e+01   1.00e+00  2.601e+00     0.0    8318       0
    80  1.3141961e+02  7.8445243e+01   1.00e+00  4.913e+00    -0.3    8057       0
    81  1.2284947e+02  4.2688620e+01   1.00e+00  2.900e+00     0.0    8826       0
    82  1.1945598e+02  1.1086231e+01   1.00e+00  1.500e+00     0.0    8230       0
    83  1.1885678e+02  9.3039227e+00   1.00e+00  1.420e+00     0.0    8023       0
    84  1.1748999e+02  8.4760973e+00   1.00e+00  1.374e+00     0.0    7665       0
    85  1.1594789e+02  4.6287320e+01   1.00e+00  2.818e+00    -0.3    7084       0
    86  1.1418828e+02  1.1931682e+01   1.00e+00  1.473e+00    -0.3    7199       0
    87  1.1374595e+02  7.2239489e+00   1.00e+00  1.288e+00     0.0    7164       0
    88  1.1344631e+02  7.3383027e+00   1.00e+00  1.287e+00     0.0    7107       0
    89  1.1125187e+02  2.1883220e+01   1.00e+00  1.780e+00     0.0    6628       0
    90  1.1196972e+02  3.9653754e+01   1.00e+00  2.440e+00    -0.3    6724       0
    91  1.1054118e+02  1.8601582e+01   1.00e+00  1.650e+00     0.0    6766       0
    92  1.1028221e+02  6.2147589e+00   1.00e+00  1.213e+00     0.0    6705       0
    93  1.1014764e+02  6.2632397e+00   1.00e+00  1.213e+00     0.0    6662       0
    94  1.0826221e+02  3.8128332e+01   1.00e+00  2.275e+00     0.0    6019       0
    95  1.0777695e+02  1.8087611e+01   1.00e+00  1.596e+00    -0.3    6161       0
    96  1.0734719e+02  1.2740255e+01   1.00e+00  1.403e+00     0.0    6292       0
    97  1.0713568e+02  4.9144039e+00   1.00e+00  1.143e+00     0.0    6233       0
    98  1.0706202e+02  4.8245870e+00   1.00e+00  1.139e+00     0.0    6211       0
    99  1.0677264e+02  4.3469943e+00   1.00e+00  1.117e+00     0.0    6144       0
   100  1.0667604e+02  8.2958430e+00   1.00e+00  1.246e+00    -0.3    6156       0
   101  1.0695971e+02  2.3005805e+01   1.00e+00  1.731e+00     0.0    6095       0
   102  1.0645981e+02  6.3379541e+00   1.00e+00  1.178e+00     0.0    6119       0
   103  1.0638414e+02  4.1842629e+00   1.00e+00  1.108e+00     0.0    6108       0
   104  1.0633285e+02  4.1674901e+00   1.00e+00  1.107e+00     0.0    6097       0
   105  1.0612134e+02  3.9529375e+01   1.00e+00  2.242e+00     0.0    5459       0
   106  1.0479588e+02  2.4004720e+01   1.00e+00  1.742e+00    -0.3    5669       0
   107  1.0414249e+02  1.8265689e+01   1.00e+00  1.534e+00     0.0    5845       0
   108  1.0387326e+02  7.5460686e+00   1.00e+00  1.199e+00     0.0    5795       0
   109  1.0371995e+02  7.3803410e+00   1.00e+00  1.189e+00     0.0    5778       0
   110  1.0354089e+02  6.6266172e+00   1.00e+00  1.163e+00     0.0    5746       0
   111  1.0377737e+02  2.6978204e+01   1.00e+00  1.788e+00     0.0    5733       0
   112  1.0352009e+02  1.8941627e+01   1.00e+00  1.542e+00     0.0    5721       0
   113  1.0326545e+02  3.5181718e+00   1.00e+00  1.061e+00     0.0    5745       0
   114  1.0324272e+02  3.5212406e+00   1.00e+00  1.061e+00     0.0    5733       0
   115  1.0290234e+02  8.2933370e+00   1.00e+00  1.200e+00     0.0    5626       0
   116  1.0285881e+02  8.3595825e+00   1.00e+00  1.204e+00    -0.3    5678       0
   117  1.0293183e+02  2.2962364e+01   1.00e+00  1.645e+00     0.0    5629       0
   118  1.0279434e+02  7.0030653e+00   1.00e+00  1.162e+00     0.0    5656       0
   119  1.0275302e+02  3.3283180e+00   1.00e+00  1.048e+00     0.0    5665       0
   120  1.0273963e+02  3.3365143e+00   1.00e+00  1.048e+00     0.0    5654       0
   121  1.0261159e+02  4.4106659e+00   1.00e+00  1.080e+00     0.0    5612       0
   122  1.0270626e+02  1.7505647e+01   1.00e+00  1.481e+00    -0.3    5622       0
   123  1.0253700e+02  1.1891334e+01   1.00e+00  1.305e+00    -0.3    5635       0
   124  1.0249953e+02  3.2572190e+00   1.00e+00  1.044e+00     0.0    5627       0
   125  1.0248827e+02  3.2750345e+00   1.00e+00  1.044e+00     0.0    5620       0
   126  1.0208145e+02  9.7756871e+00   1.00e+00  1.235e+00     0.0    5490       0
   127  1.0212933e+02  1.3644161e+01   1.00e+00  1.356e+00    -0.3    5523       0
   128  1.0206865e+02  2.0236994e+01   1.00e+00  1.550e+00     0.0    5590       0
   129  1.0197879e+02  3.0102314e+00   1.00e+00  1.032e+00     0.0    5553       0
   130  1.0196897e+02  3.0270015e+00   1.00e+00  1.033e+00     0.0    5551       0
   131  1.0194554e+02  3.0449134e+00   1.00e+00  1.033e+00     0.0    5537       0
   132  1.0175045e+02  3.6087993e+01   1.00e+00  2.015e+00     0.0    5423       0
   133  1.0160380e+02  2.7195811e+01   1.00e+00  1.750e+00    -0.3    5478       0
   134  1.0141098e+02  6.7001586e+00   1.00e+00  1.137e+00     0.0    5480       0
   135  1.0139925e+02  6.0207833e+00   1.00e+00  1.117e+00     0.0    5474       0
   136  1.0137249e+02  2.8006203e+00   1.00e+00  1.020e+00     0.0    5460       0
   137  1.0131524e+02  3.1675625e+00   1.00e+00  1.032e+00     0.0    5453       0
   138  1.0131185e+02  1.4355059e+01   1.00e+00  1.361e+00    -0.3    5474       0  1.8072625e+05
   139  4.0714019e+01  8.1587351e+01   1.00e+00  6.797e-01     0.0   14308       0
   140  3.8339425e+01  3.4512191e+01   1.00e+00  4.647e-01     0.0   14326       0
   141  3.7361802e+01  2.7430935e+01   1.00e+00  4.247e-01     0.0   12810       0
   142  3.5935238e+01  7.3287191e+01   1.00e+00  5.668e-01     0.0    9983       0
   143  3.7508874e+01  1.3431398e+02   1.00e+00  8.323e-01    -0.3    9081       0
   144  3.5170464e+01  6.6838922e+01   1.00e+00  5.254e-01     0.0    9856       0
   145  3.4843536e+01  1.8618367e+01   1.00e+00  3.622e-01     0.0    9256       0
   146  3.4760688e+01  1.7896279e+01   1.00e+00  3.590e-01     0.0    9073       0
   147  3.4308048e+01  2.4396020e+01   1.00e+00  3.767e-01     0.0    8320       0
   148  3.4223893e+01  2.1235221e+01   1.00e+00  3.656e-01    -0.3    8366       0
   149  3.4156998e+01  2.9572126e+01   1.00e+00  3.910e-01     0.0    8243       0
   150  3.4091285e+01  2.2484913e+01   1.00e+00  3.676e-01     0.0    8158       0
   151  3.4040111e+01  1.6061581e+01   1.00e+00  3.466e-01     0.0    8090       0
   152  3.3996022e+01  1.5578973e+01   1.00e+00  3.445e-01     0.0    8030       0
   153  3.3922781e+01  2.7255687e+01   1.00e+00  3.810e-01     0.0    7862       0
   154  3.3939027e+01  6.2015914e+01   1.00e+00  4.910e-01    -0.3    7791       0
   155  3.3834178e+01  2.2555263e+01   1.00e+00  3.654e-01     0.0    7740       0
   156  3.3800654e+01  1.4293741e+01   1.00e+00  3.388e-01     0.0    7723       0
   157  3.3776350e+01  1.4214490e+01   1.00e+00  3.384e-01     0.0    7693       0
   158  3.3541420e+01  5.8218489e+01   1.00e+00  4.728e-01     0.0    7102       0
   159  3.3572493e+01  1.0268435e+02   1.00e+00  6.195e-01    -0.3    7155       0
   160  3.3347122e+01  2.6963627e+01   1.00e+00  3.756e-01     0.0    7224       0
   161  3.3311432e+01  1.1351133e+01   1.00e+00  3.282e-01     0.0    7160       0
   162  3.3299165e+01  1.1342063e+01   1.00e+00  3.277e-01     0.0    7140       0
   163  3.3217690e+01  1.5038909e+01   1.00e+00  3.366e-01     0.0    7001       0
   164  3.3200270e+01  1.6896202e+01   1.00e+00  3.428e-01    -0.3    7030       0
   165  3.3204906e+01  3.1289191e+01   1.00e+00  3.870e-01     0.0    6993       0
   166  3.3172537e+01  1.4276829e+01   1.00e+00  3.343e-01     0.0    6996       0
   167  3.3161699e+01  9.9939860e+00   1.00e+00  3.216e-01     0.0    6985       0
   168  3.3154057e+01  9.9550401e+00   1.00e+00  3.214e-01     0.0    6978       0
   169  3.3007758e+01  3.1649982e+01   1.00e+00  3.870e-01     0.0    6794       0
   170  3.3024020e+01  4.6882542e+01   1.00e+00  4.321e-01    -0.3    6815       0
   171  3.2968879e+01  9.1332177e+00   1.00e+00  3.185e-01     0.0    6813       0
   172  3.2963409e+01  9.1710005e+00   1.00e+00  3.184e-01     0.0    6812       0
   173  3.2953479e+01  9.1315691e+00   1.00e+00  3.181e-01     0.0    6802       0
   174  3.2813731e+01  4.1840079e+01   1.00e+00  4.123e-01     0.0    6596       0
   175  3.2773544e+01  4.9582291e+01   1.00e+00  4.376e-01    -0.3    6670       0
   176  3.2736168e+01  1.1436517e+01   1.00e+00  3.228e-01     0.0    6668       0
   177  3.2728532e+01  1.0615826e+01   1.00e+00  3.205e-01     0.0    6653       0
   178  3.2717278e+01  9.9841361e+00   1.00e+00  3.186e-01     0.0    6639       0
   179  3.2689785e+01  2.4680141e+01   1.00e+00  3.626e-01     0.0    6587       0
   180  3.2682553e+01  2.2126594e+01   1.00e+00  3.542e-01    -0.3    6598       0
   181  3.2671253e+01  8.8055730e+00   1.00e+00  3.151e-01     0.0    6594       0
   182  3.2668020e+01  8.8898246e+00   1.00e+00  3.153e-01     0.0    6590       0
   183  3.2650795e+01  9.1906956e+00   1.00e+00  3.160e-01     0.0    6574       0
   184  3.2643194e+01  3.0277130e+01   1.00e+00  3.777e-01    -0.3    6577       0
   185  3.2624348e+01  8.9280204e+00   1.00e+00  3.151e-01    -0.3    6579       0
   186  3.2621153e+01  8.8351682e+00   1.00e+00  3.147e-01     0.0    6572       0
   187  3.2614143e+01  8.7308841e+00   1.00e+00  3.144e-01     0.0    6564       0
   188  3.2541798e+01  6.8371930e+01   1.00e+00  4.874e-01    -0.3    6457       0
   189  3.2451481e+01  2.5227786e+01   1.00e+00  3.619e-01    -0.3    6467       0
   190  3.2440761e+01  1.2358196e+01   1.00e+00  3.239e-01     0.0    6471       0
   191  3.2436777e+01  9.4647479e+00   1.00e+00  3.155e-01     0.0    6470       0
   192  3.2421180e+01  8.3279631e+00   1.00e+00  3.119e-01     0.0    6463       0
   193  3.2414487e+01  3.1184289e+01   1.00e+00  3.784e-01    -0.3    6452       0
   194  3.2430891e+01  4.8343616e+01   1.00e+00  4.278e-01    -0.3    6450       0
   195  3.2396602e+01  1.9553160e+01   1.00e+00  3.443e-01     0.0    6449       0
   196  3.2390761e+01  8.5486784e+00   1.00e+00  3.122e-01     0.0    6453       0
   197  3.2388428e+01  8.5933347e+00   1.00e+00  3.124e-01     0.0    6450       0
   198  3.2297527e+01  1.2968015e+01   1.00e+00  3.243e-01     0.0    6400       0
   199  3.2303224e+01  3.6490373e+01   1.00e+00  3.927e-01    -0.3    6414       0
   200  3.2292525e+01  2.7966481e+01   1.00e+00  3.671e-01     0.0    6418       0

 ERROR EXIT -- Too many iterations

 Products with A     :     272        Total time   (secs) :   145.5
 Products with A'    :     201        Project time (secs) :     2.3
 Newton iterations   :       4        Mat-vec time (secs) :   141.2
 Line search its     :     133        Subspace iterations :       0

