
 ==================================================================================
 PQNL1_SLIM v. 46  (Tue, 14 Jun 2011) based on v.1017
 ==================================================================================
 No. rows              :    12800      No. columns           :    34341
 Initial tau           : 0.00e+00      Two-norm of b         : 2.85e+03
 Optimality tol        : 1.00e-04      Target objective      : 0.00e+00
 Basis pursuit tol     : 1.00e-06      Maximum iterations    :      200

     0  2.8471838e+03  0.0000000e+00   1.00e+00  2.693e+02     0.0       0       0  3.0102859e+04

Inside of minConf_PQN 
 Iteration   FunEvals Projections     Step Length          rNorm2        Opt Cond
         1          1          4     1.00000e+00     2.13656e+03     9.28764e+03
         2          1         10     1.00000e+00     2.07059e+03     5.07932e+03
         3          1         19     1.00000e+00     2.02712e+03     2.87290e+03
         4          1         27     1.00000e+00     2.00733e+03     1.91784e+03
         5          1         36     1.00000e+00     1.99536e+03     1.41293e+03
         6          1         44     1.00000e+00     1.98746e+03     1.08367e+03
         7          1         55     1.00000e+00     1.98056e+03     8.41083e+02
         8          1         64     1.00000e+00     1.97575e+03     7.29372e+02
         9          1         73     1.00000e+00     1.97073e+03     6.26484e+02
        10          1         82     1.00000e+00     1.96790e+03     5.12951e+02
break of testUpdateTau
    10  1.9679047e+03  1.2751271e-01   1.00e+00  4.790e+01     0.0     349       0  1.1095102e+05

Inside of minConf_PQN 
 Iteration   FunEvals Projections     Step Length          rNorm2        Opt Cond
        11          1          4     1.00000e+00     1.01067e+03     1.79073e+04
        12          1         10     1.00000e+00     9.42809e+02     1.09180e+04
        13          1         19     1.00000e+00     8.83962e+02     6.28702e+03
        14          1         27     1.00000e+00     8.53715e+02     4.42267e+03
        15          1         37     1.00000e+00     8.34359e+02     3.33650e+03
        16          1         46     1.00000e+00     8.20857e+02     2.60311e+03
        17          1         55     1.00000e+00     8.10367e+02     2.08023e+03
        18          1         64     1.00000e+00     8.03272e+02     1.70835e+03
        19          1         73     1.00000e+00     7.97115e+02     1.42417e+03
        20          1         84     1.00000e+00     7.91993e+02     1.22084e+03
        21          1         96     1.00000e+00     7.88141e+02     1.07896e+03
        22          1        107     1.00000e+00     7.84343e+02     9.76047e+02
        23          1        119     1.00000e+00     7.81174e+02     9.04367e+02
        24          1        133     1.00000e+00     7.78505e+02     8.16948e+02
        25          1        147     1.00000e+00     7.76363e+02     7.20950e+02
        26          1        160     1.00000e+00     7.74227e+02     6.82528e+02
        27          1        176     1.00000e+00     7.72545e+02     6.70190e+02
        28          1        192     1.00000e+00     7.71164e+02     6.08920e+02
        29          1        210     1.00000e+00     7.69579e+02     5.69840e+02
        30          1        226     1.00000e+00     7.68405e+02     5.44885e+02
        31          1        241     1.00000e+00     7.67318e+02     5.05888e+02
break of testUpdateTau
    31  7.6731764e+02  4.7395124e-01   1.00e+00  1.046e+01     0.0    2335       0  1.6724679e+05

Inside of minConf_PQN 
 Iteration   FunEvals Projections     Step Length          rNorm2        Opt Cond
        32          1          4     1.00000e+00     2.77971e+02     8.85907e+03
        33          1         10     1.00000e+00     2.51169e+02     5.66454e+03
        34          1         19     1.00000e+00     2.25671e+02     3.34692e+03
        35          1         27     1.00000e+00     2.11769e+02     2.40897e+03
        36          1         37     1.00000e+00     2.02448e+02     1.82146e+03
        37          1         47     1.00000e+00     1.95617e+02     1.41192e+03
        38          1         58     1.00000e+00     1.90447e+02     1.16664e+03
        39          1         69     1.00000e+00     1.86453e+02     9.97244e+02
        40          1         80     1.00000e+00     1.83140e+02     8.65936e+02
        41          1         93     1.00000e+00     1.80322e+02     7.64520e+02
        42          1        105     1.00000e+00     1.78022e+02     6.67875e+02
        43          1        117     1.00000e+00     1.76224e+02     5.81844e+02
        44          1        131     1.00000e+00     1.74608e+02     5.28446e+02
        45          1        148     1.00000e+00     1.73281e+02     4.95845e+02
        46          1        164     1.00000e+00     1.71949e+02     4.73319e+02
        47          1        176     1.00000e+00     1.70902e+02     4.00034e+02
        48          1        189     1.00000e+00     1.69833e+02     3.70534e+02
        49          1        203     1.00000e+00     1.68990e+02     3.69177e+02
        50          1        220     1.00000e+00     1.68230e+02     3.62766e+02
        51          1        236     1.00000e+00     1.67488e+02     3.42526e+02
        52          1        257     1.00000e+00     1.66861e+02     3.14011e+02
        53          1        276     1.00000e+00     1.66261e+02     2.99135e+02
        54          1        298     1.00000e+00     1.65733e+02     2.81075e+02
        55          1        323     1.00000e+00     1.65147e+02     2.89752e+02
        56          1        337     1.00000e+00     1.64690e+02     2.89043e+02
        57          1        353     1.00000e+00     1.64232e+02     2.72450e+02
        58          1        377     1.00000e+00     1.63756e+02     2.62823e+02
        59          1        394     1.00000e+00     1.63347e+02     2.57990e+02
        60          1        411     1.00000e+00     1.62995e+02     2.52955e+02
        61          1        431     1.00000e+00     1.62643e+02     2.42751e+02
        62          1        452     1.00000e+00     1.62292e+02     2.36617e+02
        63          1        467     1.00000e+00     1.61959e+02     2.25202e+02
        64          1        489     1.00000e+00     1.61638e+02     2.16764e+02
        65          1        516     1.00000e+00     1.61341e+02     2.15191e+02
        66          1        536     1.00000e+00     1.61085e+02     2.04577e+02
        67          1        560     1.00000e+00     1.60813e+02     1.95614e+02
        68          1        577     1.00000e+00     1.60567e+02     1.94704e+02
        69          1        595     1.00000e+00     1.60339e+02     1.91821e+02
break of testUpdateTau
    69  1.6033886e+02  2.7033913e+00   1.00e+00  1.741e+00     0.0    5026       0  1.8201025e+05

Inside of minConf_PQN 
 Iteration   FunEvals Projections     Step Length          rNorm2        Opt Cond
        70          1          4     1.00000e+00     4.95728e+01     1.92785e+03
        71          1         10     1.00000e+00     4.44721e+01     1.27699e+03
        72          1         19     1.00000e+00     3.92440e+01     7.52937e+02
        73          1         27     1.00000e+00     3.64091e+01     5.44312e+02
        74          1         36     1.00000e+00     3.44240e+01     4.16091e+02
        75          1         47     1.00000e+00     3.29063e+01     3.29319e+02
        76          1         59     1.00000e+00     3.17661e+01     2.66527e+02
rNorm less than sigma_ref
rNorm less than sigma_ref

 EXIT -- residual less than sigma ref

 Products with A     :      81        Total time   (secs) :    74.6
 Products with A'    :      81        Project time (secs) :    31.4
 Newton iterations   :       4        Mat-vec time (secs) :    49.5

