
 ==================================================================================
 SPGL1_SLIM v. 46  (Tue, 14 Jun 2011) based on v.1017
 ==================================================================================
 No. rows              :   145408      No. columns           :   182272
 Initial tau           : 0.00e+00      Two-norm of b         : 5.23e+04
 Optimality tol        : 1.00e-04      Target objective      : 0.00e+00
 Basis pursuit tol     : 1.00e-06      Maximum iterations    :      200

  Iter      Objective   Relative Gap  Rel Error      gNorm   stepG    nnzX    nnzG            tau
     0  5.2322946e+04  0.0000000e+00   1.00e+00  2.588e+04     0.0       0       0  1.0579508e+05
     1  5.2233538e+04  1.8793577e+00   1.00e+00  2.422e+04    -0.3       2       0
     2  3.8819839e+04  1.6137871e+00   1.00e+00  1.290e+04     0.0    6910       0
     3  3.6822340e+04  8.6426911e-01   1.00e+00  9.688e+03     0.0   12032       0
     4  3.6539536e+04  2.3173302e-01   1.00e+00  5.498e+03     0.0   10376       0
     5  3.6489130e+04  1.3432489e-01   1.00e+00  4.924e+03     0.0    9638       0
     6  3.6452727e+04  6.9245180e-02   1.00e+00  4.504e+03     0.0    8912       0
     7  3.6438310e+04  1.5428343e-01   1.00e+00  5.026e+03     0.0    8436       0
     8  3.6455478e+04  3.0134630e-01   1.00e+00  5.899e+03     0.0    8354       0
     9  3.6434061e+04  8.9808025e-02   1.00e+00  4.616e+03     0.0    8474       0
    10  3.6432970e+04  1.7212212e-02   1.00e+00  4.156e+03     0.0    8406       0  4.2518785e+05
    11  1.8559516e+04  8.7363647e+00   1.00e+00  3.789e+03     0.0   67930       0
    12  1.4714234e+04  6.3122795e+00   1.00e+00  2.343e+03     0.0   65888       0
    13  1.3481575e+04  6.0019910e+00   1.00e+00  1.920e+03     0.0   57230       0
    14  1.2763361e+04  5.5360360e+00   1.00e+00  1.764e+03     0.0   52802       0
    15  1.2363874e+04  7.0222468e+00   1.00e+00  1.871e+03     0.0   47596       0
    16  1.2221170e+04  9.7375971e+00   1.00e+00  2.411e+03     0.0   46604       0
    17  1.1876811e+04  4.0736634e+00   1.00e+00  1.322e+03     0.0   45416       0
    18  1.1783089e+04  3.1073766e+00   1.00e+00  1.166e+03     0.0   44588       0
    19  1.1690284e+04  2.5815461e+00   1.00e+00  1.068e+03     0.0   43394       0
    20  1.1485736e+04  8.4531970e+00   1.00e+00  1.948e+03     0.0   38012       0
    21  1.1416604e+04  3.1508523e+00   1.00e+00  1.116e+03    -0.3   39132       0
    22  1.1380724e+04  1.6745542e+00   1.00e+00  8.950e+02     0.0   39464       0
    23  1.1366716e+04  1.0815828e+00   1.00e+00  8.037e+02     0.0   39194       0
    24  1.1349264e+04  4.4660259e+00   1.00e+00  1.319e+03     0.0   38808       0
    25  1.1347423e+04  6.6564892e+00   1.00e+00  1.644e+03    -0.3   38616       0

 ==================================================================================
 PQNL1_SLIM v. 46  (Tue, 14 Jun 2011) based on v.1017
 ==================================================================================
 No. rows              :   145408      No. columns           :   182272
 Initial tau           : 0.00e+00      Two-norm of b         : 5.23e+04
 Optimality tol        : 1.00e-04      Target objective      : 0.00e+00
 Basis pursuit tol     : 1.00e-06      Maximum iterations    :      200

     0  5.2322946e+04  0.0000000e+00   1.00e+00  2.588e+04     0.0       0       0  1.0579508e+05

Inside of minConf_PQN 
 Iteration   FunEvals Projections     Step Length          rNorm2        Opt Cond
         1          1          4     3.12500e-02     5.16889e+04     1.08930e+05
