
 ==================================================================================
 PQNL1_SLIM v. 46  (Tue, 14 Jun 2011) based on v.1017
 ==================================================================================
 No. rows              :    23040      No. columns           :    80919
 Initial tau           : 0.00e+00      Two-norm of b         : 4.15e+03
 Optimality tol        : 1.00e-04      Target objective      : 0.00e+00
 Basis pursuit tol     : 1.00e-06      Maximum iterations    :      500

     0  4.1454933e+03  0.0000000e+00   1.00e+00  3.615e+02     0.0       0       0  4.7536888e+04

Inside of minConf_PQN 
 Iteration   FunEvals Projections     Step Length          rNorm2        Opt Cond
         1          1          4     1.00000e+00     3.08462e+03     2.19103e+04
         2          1         11     1.00000e+00     3.00852e+03     1.29430e+04
         3          1         19     1.00000e+00     2.95646e+03     7.31588e+03
         4          1         28     1.00000e+00     2.92871e+03     5.20590e+03
         5          1         38     1.00000e+00     2.90769e+03     3.97923e+03
         6          1         48     1.00000e+00     2.89395e+03     3.30124e+03
         7          1         60     1.00000e+00     2.88173e+03     2.77886e+03
         8          1         71     1.00000e+00     2.87259e+03     2.25809e+03
         9          1         83     1.00000e+00     2.86607e+03     1.86866e+03
        10          1         94     1.00000e+00     2.86113e+03     1.47592e+03
        11          1        104     1.00000e+00     2.85789e+03     1.18063e+03
break of testUpdateTau
    11  2.8578949e+03  1.3849847e-01   1.00e+00  6.633e+01     0.0     637       0  1.7066524e+05

Inside of minConf_PQN 
 Iteration   FunEvals Projections     Step Length          rNorm2        Opt Cond
        12          1          4     1.00000e+00     1.48945e+03     6.63359e+04
        13          1         10     1.00000e+00     1.36577e+03     3.23617e+04
        14          1         18     1.00000e+00     1.31177e+03     1.99519e+04
        15          1         26     1.00000e+00     1.27868e+03     1.51784e+04
        16          1         35     1.00000e+00     1.25142e+03     1.13256e+04
        17          1         44     1.00000e+00     1.23256e+03     8.41873e+03
        18          1         55     1.00000e+00     1.21992e+03     6.70263e+03
        19          1         65     1.00000e+00     1.20961e+03     5.72232e+03
        20          1         77     1.00000e+00     1.20156e+03     5.14233e+03
        21          1         88     1.00000e+00     1.19464e+03     4.53515e+03
        22          1        100     1.00000e+00     1.18933e+03     3.90617e+03
        23          1        112     1.00000e+00     1.18409e+03     3.36364e+03
        24          1        124     1.00000e+00     1.18031e+03     3.04363e+03
        25          1        138     1.00000e+00     1.17699e+03     2.78286e+03
        26          1        153     1.00000e+00     1.17413e+03     2.57073e+03
        27          1        168     1.00000e+00     1.17156e+03     2.45101e+03
        28          1        177     1.00000e+00     1.16991e+03     2.40734e+03
break of testUpdateTau
    28  1.1699093e+03  6.9447217e-01   1.00e+00  1.528e+01     0.0    5549       0  2.6023467e+05

Inside of minConf_PQN 
 Iteration   FunEvals Projections     Step Length          rNorm2        Opt Cond
        29          1          4     1.00000e+00     5.46702e+02     6.13246e+04
        30          1         11     1.00000e+00     4.52929e+02     2.51911e+04
        31          1         18     1.00000e+00     4.22100e+02     1.52586e+04
        32          1         26     1.00000e+00     4.01925e+02     1.09457e+04
        33          1         35     1.00000e+00     3.87093e+02     8.12283e+03
        34          1         45     1.00000e+00     3.77017e+02     6.30924e+03
        35          1         55     1.00000e+00     3.69282e+02     5.00611e+03
        36          1         65     1.00000e+00     3.63252e+02     4.18744e+03
        37          1         77     1.00000e+00     3.58402e+02     3.68357e+03
        38          1         89     1.00000e+00     3.54586e+02     3.26393e+03
        39          1        101     1.00000e+00     3.51091e+02     2.90589e+03
        40          1        115     1.00000e+00     3.48241e+02     2.63677e+03
        41          1        129     1.00000e+00     3.45711e+02     2.39643e+03
        42          1        144     1.00000e+00     3.43400e+02     2.21821e+03
        43          1        159     1.00000e+00     3.41457e+02     2.08090e+03
        44          1        175     1.00000e+00     3.39698e+02     1.92982e+03
        45          1        192     1.00000e+00     3.38014e+02     1.81081e+03
        46          1        209     1.00000e+00     3.36565e+02     1.71357e+03
        47          1        223     1.00000e+00     3.35130e+02     1.55005e+03
        48          1        240     1.00000e+00     3.33848e+02     1.46880e+03
        49          1        264     1.00000e+00     3.32766e+02     1.44901e+03
        50          1        291     1.00000e+00     3.31699e+02     1.41345e+03
        51          1        307     1.00000e+00     3.30676e+02     1.36793e+03
        52          1        325     1.00000e+00     3.29694e+02     1.29214e+03
        53          1        343     1.00000e+00     3.28738e+02     1.25383e+03
        54          1        364     1.00000e+00     3.27946e+02     1.22001e+03
        55          1        383     1.00000e+00     3.27186e+02     1.16939e+03
        56          1        408     1.00000e+00     3.26415e+02     1.15167e+03
        57          1        428     1.00000e+00     3.25774e+02     1.10280e+03
        58          1        452     1.00000e+00     3.25052e+02     1.03852e+03
        59          1        469     1.00000e+00     3.24481e+02     9.81104e+02
        60          1        483     1.00000e+00     3.23922e+02     8.50619e+02
        61          1        499     1.00000e+00     3.23342e+02     8.73239e+02
        62          1        520     1.00000e+00     3.22901e+02     9.66014e+02
break of testUpdateTau
    62  3.2290065e+02  2.2630656e+00   1.00e+00  3.091e+00     0.0   11794       0  2.9396164e+05

Inside of minConf_PQN 
 Iteration   FunEvals Projections     Step Length          rNorm2        Opt Cond
        63          1          4     1.00000e+00     1.51135e+02     2.64826e+04
        64          1         11     1.00000e+00     1.12390e+02     1.01539e+04
        65          1         18     1.00000e+00     1.00872e+02     5.71070e+03
        66          1         26     1.00000e+00     9.38960e+01     3.83036e+03
        67          1         35     1.00000e+00     8.91142e+01     2.91733e+03
        68          1         47     1.00000e+00     8.59985e+01     2.38549e+03
        69          1         59     1.00000e+00     8.37111e+01     1.94078e+03
        70          1         71     1.00000e+00     8.13525e+01     1.56351e+03
        71          1         85     1.00000e+00     7.94872e+01     1.37064e+03
        72          1         97     1.00000e+00     7.79423e+01     1.24651e+03
        73          1        109     1.00000e+00     7.65581e+01     1.12387e+03
        74          1        121     1.00000e+00     7.53406e+01     9.94101e+02
        75          1        135     1.00000e+00     7.42995e+01     8.93740e+02
        76          1        149     1.00000e+00     7.33811e+01     8.23446e+02
        77          1        163     1.00000e+00     7.25957e+01     7.60149e+02
        78          1        177     1.00000e+00     7.18183e+01     7.06528e+02
        79          1        193     1.00000e+00     7.12000e+01     6.57533e+02
        80          1        210     1.00000e+00     7.05862e+01     6.26414e+02
        81          1        227     1.00000e+00     7.00537e+01     6.02903e+02
        82          1        243     1.00000e+00     6.95556e+01     5.64708e+02
        83          1        259     1.00000e+00     6.91311e+01     5.13780e+02
        84          1        276     1.00000e+00     6.87126e+01     4.88990e+02
        85          1        295     1.00000e+00     6.83537e+01     4.82240e+02
        86          1        314     1.00000e+00     6.79861e+01     4.81645e+02
        87          1        333     1.00000e+00     6.76299e+01     4.72777e+02
        88          1        351     1.00000e+00     6.72894e+01     4.41533e+02
        89          1        367     1.00000e+00     6.69555e+01     4.21590e+02
        90          1        383     1.00000e+00     6.66684e+01     4.11711e+02
        91          1        399     1.00000e+00     6.63791e+01     3.98144e+02
        92          1        420     1.00000e+00     6.61014e+01     3.84811e+02
        93          1        446     1.00000e+00     6.58375e+01     3.75441e+02
        94          1        464     1.00000e+00     6.55716e+01     3.80297e+02
        95          1        489     1.00000e+00     6.53414e+01     3.74055e+02
        96          1        507     1.00000e+00     6.51058e+01     3.53524e+02
        97          1        529     1.00000e+00     6.48859e+01     3.34627e+02
        98          1        551     1.00000e+00     6.46741e+01     3.34426e+02
        99          1        572     1.00000e+00     6.44681e+01     3.38085e+02
       100          1        594     1.00000e+00     6.42650e+01     3.32255e+02
       101          1        615     1.00000e+00     6.40518e+01     3.25029e+02
       102          1        644     1.00000e+00     6.38463e+01     3.25781e+02
       103          1        661     1.00000e+00     6.36517e+01     3.23775e+02
       104          1        686     1.00000e+00     6.34604e+01     3.16079e+02
       105          1        710     1.00000e+00     6.32726e+01     2.98122e+02
       106          1        736     1.00000e+00     6.30917e+01     2.87659e+02
       107          1        757     1.00000e+00     6.29219e+01     2.91918e+02
       108          1        788     1.00000e+00     6.27542e+01     2.93787e+02
       109          1        810     1.00000e+00     6.25894e+01     2.82266e+02
       110          1        831     1.00000e+00     6.24146e+01     2.80794e+02
       111          1        857     1.00000e+00     6.22597e+01     2.74839e+02
       112          1        885     1.00000e+00     6.20849e+01     2.67359e+02
       113          1        913     1.00000e+00     6.19131e+01     2.70821e+02
       114          1        939     1.00000e+00     6.17560e+01     2.70330e+02
       115          1        969     1.00000e+00     6.15918e+01     2.64710e+02
       116          1       1003     1.00000e+00     6.14135e+01     2.77743e+02
       117          1       1031     1.00000e+00     6.12708e+01     2.70857e+02
       118          1       1052     1.00000e+00     6.11145e+01     2.48475e+02
       119          1       1087     1.00000e+00     6.09680e+01     2.47945e+02
       120          1       1121     1.00000e+00     6.08354e+01     2.51732e+02
       121          1       1142     1.00000e+00     6.06995e+01     2.42991e+02
       122          1       1170     1.00000e+00     6.05550e+01     2.31183e+02
       123          1       1209     1.00000e+00     6.03996e+01     2.41071e+02
       124          1       1238     1.00000e+00     6.02773e+01     2.42495e+02
       125          1       1262     1.00000e+00     6.01546e+01     2.08337e+02
       126          1       1286     1.00000e+00     6.00086e+01     2.06132e+02
       127          1       1317     1.00000e+00     5.99155e+01     2.08105e+02
       128          1       1346     1.00000e+00     5.97839e+01     2.13253e+02
       129          1       1378     1.00000e+00     5.96838e+01     2.06439e+02
       130          1       1413     1.00000e+00     5.95639e+01     2.00828e+02
       131          1       1439     1.00000e+00     5.94450e+01     2.17029e+02
       132          1       1479     1.00000e+00     5.93338e+01     2.26353e+02
       133          1       1507     1.00000e+00     5.92261e+01     2.14050e+02
       134          1       1536     1.00000e+00     5.91132e+01     2.02610e+02
       135          1       1583     1.00000e+00     5.90076e+01     2.11694e+02
       136          1       1608     1.00000e+00     5.89003e+01     2.12572e+02
       137          1       1639     1.00000e+00     5.87848e+01     2.01310e+02
       138          1       1662     1.00000e+00     5.86910e+01     1.89512e+02
       139          1       1693     1.00000e+00     5.85997e+01     1.86645e+02
       140          1       1740     1.00000e+00     5.84966e+01     2.02590e+02
       141          1       1773     1.00000e+00     5.84065e+01     2.03220e+02
       142          1       1810     1.00000e+00     5.83060e+01     1.90990e+02
       143          1       1839     1.00000e+00     5.82108e+01     1.85038e+02
       144          1       1878     1.00000e+00     5.81263e+01     2.04560e+02
break of testUpdateTau
   144  5.8126302e+01  1.9024798e+01   1.00e+00  5.288e-01     0.0   16482       0  3.0035071e+05

Inside of minConf_PQN 
 Iteration   FunEvals Projections     Step Length          rNorm2        Opt Cond
       145          1          4     1.00000e+00     2.74281e+01     4.76005e+03
       146          1         11     1.00000e+00     2.07388e+01     1.82121e+03
       147          1         18     1.00000e+00     1.88279e+01     1.01429e+03
       148          1         26     1.00000e+00     1.77043e+01     6.71713e+02
       149          1         35     1.00000e+00     1.69710e+01     5.26960e+02
       150          1         48     1.00000e+00     1.64601e+01     4.28957e+02
       151          1         58     1.00000e+00     1.60419e+01     3.44908e+02
       152          1         69     1.00000e+00     1.56690e+01     2.90324e+02
       153          1         81     1.00000e+00     1.53886e+01     2.59126e+02
       154          1         93     1.00000e+00     1.51434e+01     2.32926e+02
       155          1        105     1.00000e+00     1.49199e+01     2.07036e+02
       156          1        117     1.00000e+00     1.47199e+01     1.86320e+02
       157          1        125     1.00000e+00     1.45836e+01     1.40983e+02
       158          1        142     1.00000e+00     1.44270e+01     1.38457e+02
       159          1        165     1.00000e+00     1.43181e+01     1.45876e+02
       160          1        186     1.00000e+00     1.42037e+01     1.37101e+02
       161          1        202     1.00000e+00     1.40944e+01     1.20265e+02
       162          1        221     1.00000e+00     1.40002e+01     1.12067e+02
       163          1        239     1.00000e+00     1.39167e+01     1.11459e+02
       164          1        257     1.00000e+00     1.38391e+01     1.08993e+02
       165          1        280     1.00000e+00     1.37610e+01     1.03307e+02
       166          1        296     1.00000e+00     1.36917e+01     9.50051e+01
       167          1        317     1.00000e+00     1.36267e+01     8.96326e+01
       168          1        333     1.00000e+00     1.35697e+01     8.76022e+01
       169          1        352     1.00000e+00     1.35172e+01     8.60993e+01
       170          1        371     1.00000e+00     1.34660e+01     8.43740e+01
       171          1        391     1.00000e+00     1.34187e+01     7.94939e+01
       172          1        410     1.00000e+00     1.33693e+01     7.80767e+01
       173          1        432     1.00000e+00     1.33284e+01     7.63230e+01
       174          1        451     1.00000e+00     1.32853e+01     7.26849e+01
       175          1        467     1.00000e+00     1.32456e+01     6.92352e+01
       176          1        484     1.00000e+00     1.32079e+01     6.64723e+01
       177          1        508     1.00000e+00     1.31703e+01     6.62325e+01
       178          1        532     1.00000e+00     1.31374e+01     6.46506e+01
       179          1        554     1.00000e+00     1.31043e+01     6.16888e+01
       180          1        575     1.00000e+00     1.30719e+01     5.93290e+01
       181          1        594     1.00000e+00     1.30393e+01     6.10802e+01
       182          1        614     1.00000e+00     1.30106e+01     6.08696e+01
       183          1        628     1.00000e+00     1.29804e+01     5.18239e+01
       184          1        650     1.00000e+00     1.29466e+01     5.33883e+01
       185          1        667     1.00000e+00     1.29277e+01     5.78570e+01
break of testUpdateTau
   185  1.2927671e+01  7.6043686e+01   1.00e+00  1.102e-01     0.0   19667       0  3.0186686e+05

Inside of minConf_PQN 
 Iteration   FunEvals Projections     Step Length          rNorm2        Opt Cond
       186          1          4     1.00000e+00     5.98224e+00     1.13327e+03
rNorm less than sigma_ref
rNorm less than sigma_ref

 EXIT -- residual less than sigma ref

 Products with A     :     193        Total time   (secs) :   219.9
 Products with A'    :     193        Project time (secs) :   229.6
 Newton iterations   :       6        Mat-vec time (secs) :    10.0

