
 ==================================================================================
 PQNL1_SLIM v. 46  (Tue, 14 Jun 2011) based on v.1017
 ==================================================================================
 No. rows              :   145408      No. columns           :   182272
 Initial tau           : 0.00e+00      Two-norm of b         : 5.23e+04
 Optimality tol        : 1.00e-04      Target objective      : 0.00e+00
 Basis pursuit tol     : 1.00e-06      Maximum iterations    :      200

     0  5.2322946e+04  0.0000000e+00   1.00e+00  2.588e+04     0.0       0       0  1.0579508e+05

Inside of minConf_PQN 
 Iteration   FunEvals Projections     Step Length          rNorm2        Opt Cond
         1          1          4     3.12500e-02     5.16889e+04     1.08930e+05
         2          1         12     1.00000e+00     3.78521e+04     2.02172e+05
         3          1         19     1.00000e+00     3.69912e+04     1.94389e+05
         4          1         27     1.00000e+00     3.65768e+04     1.79549e+05
         5          1         35     1.00000e+00     3.64759e+04     1.71696e+05
         6          1         45     1.00000e+00     3.64458e+04     1.65123e+05
break of testUpdateTau
     6  3.6445826e+04  6.4827790e-02   1.00e+00  4.440e+03     0.0    8476       0  4.0498638e+05

Inside of minConf_PQN 
 Iteration   FunEvals Projections     Step Length          rNorm2        Opt Cond
         7          1          4     2.50000e-01     3.34609e+04     5.72198e+05
         8          1         12     1.00000e+00     1.81555e+04     7.72046e+05
         9          1         22     1.00000e+00     1.52488e+04     7.32790e+05
        10          1         30     1.00000e+00     1.39564e+04     6.78445e+05
        11          1         40     1.00000e+00     1.32336e+04     6.44498e+05
        12          1         50     1.00000e+00     1.28412e+04     6.31305e+05
        13          1         61     1.00000e+00     1.26824e+04     5.80656e+05
        14          1         71     1.00000e+00     1.25927e+04     5.29588e+05
        15          1         83     1.00000e+00     1.25317e+04     4.88812e+05
        16          1         95     1.00000e+00     1.24963e+04     4.42144e+05
        17          1        114     1.00000e+00     1.24772e+04     3.80222e+05
        18          1        127     1.00000e+00     1.24651e+04     3.30538e+05
break of testUpdateTau
    18  1.2465144e+04  7.0225813e-01   1.00e+00  8.667e+02     0.0   35442       0  5.8425376e+05

Inside of minConf_PQN 
 Iteration   FunEvals Projections     Step Length          rNorm2        Opt Cond
        19          1          4     1.25000e-01     1.18437e+04     8.79801e+05
        20          1         12     1.00000e+00     8.02141e+03     9.81998e+05
        21          1         20     1.00000e+00     6.08394e+03     1.01882e+06
        22          1         30     1.00000e+00     5.09883e+03     9.10436e+05
        23          1         40     1.00000e+00     4.58610e+03     7.87152e+05
        24          1         52     1.00000e+00     4.32874e+03     7.02761e+05
        25          1         62     1.00000e+00     4.12856e+03     6.41799e+05
        26          1         74     1.00000e+00     4.01114e+03     5.93904e+05
        27          1         88     1.00000e+00     3.93296e+03     5.26230e+05
        28          1        102     1.00000e+00     3.86917e+03     4.79265e+05
        29          1        117     1.00000e+00     3.82624e+03     4.72297e+05
        30          1        134     1.00000e+00     3.79343e+03     4.15924e+05
        31          1        160     1.00000e+00     3.76761e+03     3.78032e+05
        32          1        177     1.00000e+00     3.74967e+03     3.41775e+05
        33          1        194     1.00000e+00     3.73456e+03     3.11512e+05
        34          1        218     1.00000e+00     3.72233e+03     2.99026e+05
        35          1        228     1.00000e+00     3.71457e+03     2.34595e+05
        36          1        246     1.00000e+00     3.70689e+03     2.03345e+05
        37          1        273     1.00000e+00     3.70054e+03     2.21646e+05
        38          1        303     1.00000e+00     3.69532e+03     2.10331e+05
break of testUpdateTau
    38  3.6953168e+03  3.2659269e+00   1.00e+00  1.821e+02     0.0   55639       0  6.5926243e+05

Inside of minConf_PQN 
 Iteration   FunEvals Projections     Step Length          rNorm2        Opt Cond
        39          1          4     6.25000e-02     3.64960e+03     9.26591e+05
        40          1         12     1.00000e+00     2.94758e+03     7.98433e+05
        41          1         22     1.00000e+00     2.40843e+03     8.99657e+05
        42          1         33     1.00000e+00     1.94385e+03     1.02184e+06
        43          1         44     1.00000e+00     1.68115e+03     8.20143e+05
        44          1         57     1.00000e+00     1.56694e+03     5.97728e+05
        45          1         68     1.00000e+00     1.46870e+03     4.80564e+05
        46          1         80     1.00000e+00     1.39126e+03     4.66119e+05
        47          1        101     1.00000e+00     1.34056e+03     5.35937e+05
        48          1        116     1.00000e+00     1.30350e+03     3.26207e+05
        49          1        136     1.00000e+00     1.27753e+03     3.00786e+05
        50          1        153     1.00000e+00     1.25279e+03     3.05349e+05
        51          1        173     1.00000e+00     1.22839e+03     3.91790e+05
        52          1        189     1.00000e+00     1.21102e+03     2.22518e+05
        53          1        213     1.00000e+00     1.20265e+03     1.99498e+05
        54          1        235     1.00000e+00     1.19014e+03     2.17187e+05
        55          1        261     1.00000e+00     1.18113e+03     2.95173e+05
        56          1        280     1.00000e+00     1.17322e+03     1.80420e+05
        57          1        298     1.00000e+00     1.16630e+03     1.53909e+05
        58          1        327     1.00000e+00     1.16174e+03     1.66804e+05
        59          1        349     1.00000e+00     1.15379e+03     1.84054e+05
        60          1        389     1.00000e+00     1.14844e+03     1.61043e+05
        61          1        406     1.00000e+00     1.14510e+03     1.26550e+05
        62          1        427     1.00000e+00     1.14056e+03     1.28092e+05
        63          1        451     1.00000e+00     1.13724e+03     1.36501e+05
        64          1        475     1.00000e+00     1.13380e+03     1.10249e+05
        65          1        499     1.00000e+00     1.13074e+03     1.04361e+05
        66          1        538     1.00000e+00     1.12814e+03     1.10884e+05
        67          1        567     1.00000e+00     1.12600e+03     1.04016e+05
        68          1        594     1.00000e+00     1.12350e+03     9.35043e+04
        69          1        622     1.00000e+00     1.12166e+03     9.41850e+04
        70          1        644     1.00000e+00     1.12017e+03     8.10693e+04
break of testUpdateTau
    70  1.1201680e+03  8.7727653e+00   1.00e+00  4.092e+01     0.0   70560       0  6.8993024e+05

Inside of minConf_PQN 
 Iteration   FunEvals Projections     Step Length          rNorm2        Opt Cond
        71          1          4     6.25000e-02     1.11148e+03     6.37352e+05
        72          1         12     1.00000e+00     9.46490e+02     4.45997e+05
        73          1         22     1.00000e+00     8.39814e+02     5.18997e+05
        74          1         34     1.00000e+00     7.11755e+02     6.63067e+05
        75          1         47     1.00000e+00     6.28214e+02     7.79529e+05
        76          1         57     1.00000e+00     5.57105e+02     3.87736e+05
        77          1         70     1.00000e+00     5.25854e+02     3.04369e+05
        78          1         82     1.00000e+00     4.92532e+02     2.94393e+05
        79          1         98     1.00000e+00     4.52478e+02     2.68289e+05
        80          1        116     1.00000e+00     4.32883e+02     3.26531e+05
        81          1        126     1.00000e+00     4.16072e+02     1.64064e+05
        82          1        143     1.00000e+00     4.06435e+02     1.55673e+05
        83          1        171     1.00000e+00     3.94817e+02     1.54116e+05
        84          1        194     1.00000e+00     3.83106e+02     2.05104e+05
        85          1        215     1.00000e+00     3.73944e+02     1.11549e+05
        86          1        240     1.00000e+00     3.69773e+02     9.68748e+04
        87          1        275     1.00000e+00     3.63508e+02     1.06527e+05
        88          1        305     1.00000e+00     3.59265e+02     1.56251e+05
        89          1        328     1.00000e+00     3.55267e+02     9.03093e+04
        90          1        364     1.00000e+00     3.51361e+02     7.93380e+04
        91          1        390     1.00000e+00     3.48843e+02     8.40903e+04
        92          1        423     1.00000e+00     3.44014e+02     1.03713e+05
        93          1        450     1.00000e+00     3.41347e+02     1.07409e+05
        94          1        475     1.00000e+00     3.39353e+02     6.27815e+04
        95          1        502     1.00000e+00     3.37465e+02     5.83177e+04
        96          1        536     1.00000e+00     3.35795e+02     6.13393e+04
        97          1        555     1.00000e+00     3.33716e+02     9.24714e+04
        98          1        591     1.00000e+00     3.31751e+02     5.69455e+04
        99          1        616     1.00000e+00     3.30558e+02     4.66248e+04
       100          1        648     1.00000e+00     3.29030e+02     5.60928e+04
       101          1        675     1.00000e+00     3.27943e+02     6.78498e+04
       102          1        709     1.00000e+00     3.26459e+02     5.68089e+04
       103          1        745     1.00000e+00     3.24709e+02     5.43422e+04
       104          1        777     1.00000e+00     3.23745e+02     4.29893e+04
       105          1        812     1.00000e+00     3.22899e+02     4.14329e+04
       106          1        850     1.00000e+00     3.21693e+02     4.71248e+04
