
 ==================================================================================
 SPGL1_SLIM v. 46  (Tue, 14 Jun 2011) based on v.1017
 ==================================================================================
 No. rows              :    12800      No. columns           :    73051
 Initial tau           : 0.00e+00      Two-norm of b         : 4.17e+03
 Optimality tol        : 1.00e-04      Target objective      : 0.00e+00
 Basis pursuit tol     : 1.00e-06      Maximum iterations    :      200

  Iter      Objective   Relative Gap  Rel Error      gNorm   stepG    nnzX    nnzG            tau
     0  4.1688937e+03  0.0000000e+00   1.00e+00  3.035e+02     0.0       0       0  5.7270366e+04
     1  4.1114390e+03  2.3588347e+00   1.00e+00  3.375e+02    -0.3       1       0
     2  3.9375507e+03  7.3073156e+00   1.00e+00  8.348e+02    -0.3     471       0
     3  2.9915682e+03  6.9254112e+00   1.00e+00  5.618e+02    -0.3    2388       0
     4  2.7835015e+03  5.8840995e+00   1.00e+00  4.225e+02     0.0    3352       0
     5  2.6801454e+03  1.8652457e+00   1.00e+00  1.519e+02     0.0    2935       0
     6  2.6351819e+03  6.6045393e-01   1.00e+00  7.801e+01     0.0    2668       0
     7  2.5887904e+03  5.6956963e-01   1.00e+00  7.536e+01     0.0    2357       0
     8  2.5318168e+03  2.5877611e+00   1.00e+00  1.923e+02     0.0    1767       0
     9  2.5766525e+03  7.0890770e+00   1.00e+00  4.532e+02    -0.3    1693       0
    10  2.5145729e+03  2.1630601e+00   1.00e+00  1.658e+02     0.0    1764       0
    11  2.5025292e+03  3.2049468e-01   1.00e+00  6.493e+01     0.0    1690       0
    12  2.4996523e+03  2.9751107e-01   1.00e+00  6.374e+01     0.0    1648       0
    13  2.4771588e+03  1.5019607e+00   1.00e+00  1.289e+02     0.0    1198       0
    14  2.4727249e+03  3.6630303e-01   1.00e+00  6.795e+01    -0.3    1278       0
    15  2.4688637e+03  9.3541816e-01   1.00e+00  9.836e+01     0.0    1305       0
    16  2.4662068e+03  2.2878332e-01   1.00e+00  6.081e+01     0.0    1273       0
    17  2.4643453e+03  2.8105195e-01   1.00e+00  6.364e+01     0.0    1248       0
    18  2.4588651e+03  3.5301886e-01   1.00e+00  6.729e+01     0.0    1162       0
    19  2.4609118e+03  2.1839704e+00   1.00e+00  1.638e+02     0.0    1053       0
    20  2.4549798e+03  2.6485202e-01   1.00e+00  6.309e+01    -0.3    1100       0
    21  2.4515587e+03  3.5105873e-01   1.00e+00  6.757e+01     0.0    1145       0
    22  2.4481708e+03  1.7336557e-01   1.00e+00  5.822e+01     0.0    1107       0
    23  2.4442512e+03  3.3831056e-01   1.00e+00  6.668e+01     0.0    1053       0
    24  2.4463900e+03  1.1551133e+00   1.00e+00  1.093e+02     0.0    1015       0
    25  2.4433579e+03  2.2029160e-01   1.00e+00  6.067e+01    -0.3    1052       0
    26  2.4414854e+03  3.5813094e-01   1.00e+00  6.784e+01     0.0    1073       0
    27  2.4397777e+03  1.6325761e-01   1.00e+00  5.772e+01     0.0    1034       0
    28  2.4392065e+03  1.6643755e-01   1.00e+00  5.788e+01     0.0    1028       0
    29  2.4382452e+03  1.6118150e-01   1.00e+00  5.754e+01     0.0    1003       0
    30  2.4372340e+03  9.6983592e-01   1.00e+00  9.949e+01     0.0     981       0
    31  2.4362791e+03  1.3159343e-01   1.00e+00  5.594e+01    -0.3     998       0
    32  2.4354453e+03  2.2676507e-01   1.00e+00  6.098e+01     0.0    1007       0
    33  2.4350711e+03  1.2604507e-01   1.00e+00  5.575e+01     0.0     991       0
    34  2.4343482e+03  1.1703015e-01   1.00e+00  5.524e+01     0.0     970       0
    35  2.4332898e+03  6.6101818e-01   1.00e+00  8.267e+01     0.0     880       0
    36  2.4321230e+03  1.3846715e-01   1.00e+00  5.584e+01    -0.3     930       0
    37  2.4300763e+03  2.1748300e-01   1.00e+00  6.013e+01     0.0     981       0
    38  2.4295869e+03  1.1822430e-01   1.00e+00  5.508e+01     0.0     950       0
    39  2.4292513e+03  1.1360533e-01   1.00e+00  5.491e+01     0.0     936       0
    40  2.4289486e+03  9.3324888e-02   1.00e+00  5.385e+01     0.0     929       0
    41  2.4285928e+03  4.2924013e-01   1.00e+00  7.123e+01     0.0     916       0
    42  2.4283339e+03  8.1391722e-02   1.00e+00  5.327e+01    -0.3     928       0
    43  2.4282538e+03  8.7687129e-02   1.00e+00  5.359e+01     0.0     931       0  1.6729632e+05
    44  1.4087780e+03  1.1800378e+01   1.00e+00  6.414e+01     0.0   12561       0
    45  1.1486723e+03  1.5302387e+01   1.00e+00  7.430e+01     0.0   24853       0
    46  9.9362681e+02  5.1777215e+00   1.00e+00  2.418e+01     0.0   19623       0
    47  9.5801714e+02  4.2646169e+00   1.00e+00  2.177e+01     0.0   17566       0
    48  9.2526612e+02  3.7532354e+00   1.00e+00  1.987e+01     0.0   14628       0
    49  8.6843467e+02  9.1118253e+00   1.00e+00  3.094e+01     0.0    9607       0
    50  8.9376418e+02  4.3961975e+01   1.00e+00  1.135e+02    -0.3    9074       0
    51  8.5438793e+02  2.0018947e+01   1.00e+00  5.322e+01    -0.3   10193       0
    52  8.4317124e+02  4.7151401e+00   1.00e+00  1.965e+01     0.0    9660       0
    53  8.4015985e+02  2.5269675e+00   1.00e+00  1.503e+01     0.0    9294       0
    54  8.3514129e+02  2.0525154e+00   1.00e+00  1.407e+01     0.0    8743       0
    55  8.2334326e+02  6.3080915e+00   1.00e+00  2.245e+01     0.0    7787       0
    56  8.2120893e+02  8.7237249e+00   1.00e+00  2.725e+01    -0.3    7867       0
    57  8.1932475e+02  1.6548737e+01   1.00e+00  4.283e+01     0.0    7721       0
    58  8.1821047e+02  1.6927154e+01   1.00e+00  4.350e+01     0.0    7657       0
    59  8.1563404e+02  4.5093161e+00   1.00e+00  1.860e+01     0.0    7619       0
    60  8.1490982e+02  1.7049935e+00   1.00e+00  1.301e+01     0.0    7574       0
    61  8.1249492e+02  1.6988219e+00   1.00e+00  1.295e+01     0.0    7395       0
    62  8.0463874e+02  1.5807868e+01   1.00e+00  3.949e+01     0.0    5760       0
    63  7.9892158e+02  1.0526922e+01   1.00e+00  2.927e+01    -0.3    6372       0
    64  7.9469252e+02  1.4958204e+01   1.00e+00  3.750e+01     0.0    6478       0
    65  7.9214621e+02  2.3618428e+00   1.00e+00  1.374e+01     0.0    6381       0
    66  7.9106780e+02  3.3334179e+00   1.00e+00  1.555e+01     0.0    6330       0
    67  7.8991567e+02  1.2294858e+00   1.00e+00  1.163e+01     0.0    6254       0
    68  7.8785068e+02  3.0574798e+00   1.00e+00  1.503e+01     0.0    6121       0
    69  7.8778977e+02  1.2581806e+01   1.00e+00  3.257e+01     0.0    6014       0
    70  7.8640452e+02  1.1496617e+00   1.00e+00  1.143e+01    -0.3    6128       0
    71  7.8557478e+02  2.7874141e+00   1.00e+00  1.445e+01     0.0    6090       0
    72  7.8514993e+02  1.1114116e+00   1.00e+00  1.137e+01     0.0    6050       0
    73  7.8451665e+02  1.0861308e+00   1.00e+00  1.132e+01     0.0    5994       0
    74  7.8128223e+02  7.6322514e+00   1.00e+00  2.316e+01     0.0    5707       0
    75  7.8215405e+02  1.4501272e+01   1.00e+00  3.576e+01    -0.3    5787       0
    76  7.8064614e+02  9.5863754e+00   1.00e+00  2.675e+01     0.0    5842       0
    77  7.8020113e+02  8.9242569e-01   1.00e+00  1.091e+01     0.0    5800       0
    78  7.8009249e+02  1.6588887e+00   1.00e+00  1.230e+01     0.0    5784       0
    79  7.7967389e+02  8.9651338e-01   1.00e+00  1.090e+01     0.0    5731       0
    80  7.7782827e+02  7.2650654e+00   1.00e+00  2.243e+01     0.0    5586       0
    81  7.7986051e+02  1.9554183e+01   1.00e+00  4.468e+01    -0.3    5655       0
    82  7.7809275e+02  1.3915114e+01   1.00e+00  3.442e+01     0.0    5725       0
    83  7.7699472e+02  1.5859382e+00   1.00e+00  1.210e+01     0.0    5674       0
    84  7.7687700e+02  8.0827274e-01   1.00e+00  1.070e+01     0.0    5650       0
    85  7.7675210e+02  8.0289241e-01   1.00e+00  1.069e+01     0.0    5620       0
    86  7.7540441e+02  4.5368087e+00   1.00e+00  1.737e+01     0.0    5482       0
    87  7.7617863e+02  1.2272487e+01   1.00e+00  3.130e+01    -0.3    5538       0
    88  7.7521721e+02  4.8246094e+00   1.00e+00  1.790e+01    -0.3    5594       0
    89  7.7487569e+02  1.8196425e+00   1.00e+00  1.250e+01     0.0    5571       0
    90  7.7478701e+02  1.1149219e+00   1.00e+00  1.123e+01     0.0    5554       0
    91  7.7453086e+02  2.0646509e+00   1.00e+00  1.293e+01     0.0    5507       0
    92  7.7450908e+02  5.2770359e+00   1.00e+00  1.866e+01     0.0    5460       0  1.9944826e+05
    93  4.9335479e+02  1.2287080e+02   1.00e+00  7.738e+01     0.0   13150       0
    94  5.0616104e+02  2.5231476e+02   1.00e+00  1.662e+02     0.0   17605       0
    95  4.5433828e+02  1.4287406e+02   1.00e+00  7.799e+01     0.0   16576       0
    96  4.3838964e+02  5.0339254e+00   1.00e+00  6.531e+00     0.0   15551       0
    97  4.3688828e+02  4.9593238e+00   1.00e+00  6.483e+00     0.0   14733       0
    98  4.2921437e+02  1.0352058e+01   1.00e+00  9.086e+00     0.0   11211       0
    99  4.3668476e+02  6.9789398e+01   1.00e+00  3.754e+01     0.0   10069       0
   100  4.3086587e+02  7.6671752e+01   1.00e+00  3.986e+01    -0.3   11038       0
   101  4.2513570e+02  1.6467268e+01   1.00e+00  1.167e+01     0.0   10672       0
   102  4.2428204e+02  3.7949389e+00   1.00e+00  5.930e+00     0.0   10429       0
   103  4.2374969e+02  3.5323882e+00   1.00e+00  5.818e+00     0.0   10213       0
   104  4.2245319e+02  1.1204484e+01   1.00e+00  9.281e+00     0.0    9574       0
   105  4.2395574e+02  6.4446045e+01   1.00e+00  3.330e+01     0.0    9146       0
   106  4.2334754e+02  6.5105847e+01   1.00e+00  3.351e+01    -0.3    9393       0
   107  4.2087067e+02  9.0192694e+00   1.00e+00  8.272e+00     0.0    9288       0
   108  4.2069226e+02  3.0130203e+00   1.00e+00  5.605e+00     0.0    9200       0
   109  4.2042357e+02  2.5896554e+00   1.00e+00  5.416e+00     0.0    9102       0
   110  4.1921447e+02  1.0640270e+01   1.00e+00  8.968e+00     0.0    8725       0
   111  4.1894274e+02  5.9909956e+00   1.00e+00  6.924e+00    -0.3    8757       0
   112  4.1882499e+02  2.3932717e+01   1.00e+00  1.481e+01     0.0    8693       0
   113  4.1858650e+02  5.5306526e+00   1.00e+00  6.711e+00     0.0    8665       0
   114  4.1841986e+02  3.3998634e+00   1.00e+00  5.776e+00     0.0    8646       0
   115  4.1832387e+02  2.1946905e+00   1.00e+00  5.246e+00     0.0    8618       0
   116  4.1737252e+02  1.9596235e+00   1.00e+00  5.138e+00     0.0    8363       0
   117  4.1752349e+02  3.8540607e+01   1.00e+00  2.127e+01    -0.3    7726       0
   118  4.1810338e+02  5.1458738e+01   1.00e+00  2.682e+01    -0.3    8275       0
   119  4.1493379e+02  3.0346362e+01   1.00e+00  1.744e+01     0.0    8449       0
   120  4.1431933e+02  8.9615909e+00   1.00e+00  8.193e+00     0.0    8182       0
   121  4.1418579e+02  5.7030071e+00   1.00e+00  6.787e+00     0.0    8093       0
   122  4.1401770e+02  4.8748685e+00   1.00e+00  6.422e+00     0.0    7968       0
   123  4.1371463e+02  7.1470267e+00   1.00e+00  7.368e+00     0.0    7813       0
   124  4.1370977e+02  1.9804818e+01   1.00e+00  1.281e+01    -0.3    7812       0  2.1280658e+05
   125  3.0007716e+02  6.5775319e+01   1.00e+00  1.618e+01     0.0   24395       0
   126  2.9158618e+02  1.0931882e+02   1.00e+00  2.450e+01     0.0   19605       0
   127  2.8969736e+02  1.3445497e+02   1.00e+00  2.911e+01     0.0   17393       0
   128  2.8617963e+02  2.9077870e+01   1.00e+00  8.205e+00     0.0   16444       0
   129  2.8542113e+02  4.8561109e+00   1.00e+00  3.541e+00     0.0   15776       0
   130  2.8443580e+02  8.5284907e+00   1.00e+00  4.237e+00     0.0   14600       0
   131  2.8260156e+02  7.7435238e+01   1.00e+00  1.725e+01     0.0   10940       0
   132  2.8195245e+02  3.6754351e+01   1.00e+00  9.567e+00    -0.3   11252       0
   133  2.8119494e+02  1.2739276e+01   1.00e+00  5.058e+00     0.0   11181       0
   134  2.8101806e+02  3.2155575e+00   1.00e+00  3.282e+00     0.0   11067       0
   135  2.8064668e+02  8.4986836e+00   1.00e+00  4.242e+00     0.0   10852       0
   136  2.8018488e+02  3.9229165e+01   1.00e+00  9.894e+00     0.0   10270       0
   137  2.7996299e+02  4.5536601e+00   1.00e+00  3.504e+00    -0.3   10300       0
   138  2.7977433e+02  6.0924782e+00   1.00e+00  3.787e+00     0.0   10252       0
   139  2.7967555e+02  2.6215130e+00   1.00e+00  3.151e+00     0.0   10170       0
   140  2.7940405e+02  7.5792540e+00   1.00e+00  4.063e+00     0.0    9980       0
   141  2.7963346e+02  9.3426953e+01   1.00e+00  1.985e+01    -0.3    9584       0
   142  2.7884904e+02  2.5216721e+00   1.00e+00  3.152e+00    -0.3    9650       0
   143  2.7861337e+02  5.8838429e+00   1.00e+00  3.761e+00     0.0    9625       0
   144  2.7852526e+02  3.8793933e+00   1.00e+00  3.394e+00     0.0    9572       0
   145  2.7796581e+02  1.7907785e+01   1.00e+00  5.936e+00     0.0    9295       0
   146  2.7809193e+02  3.2693020e+01   1.00e+00  8.632e+00    -0.3    9356       0
   147  2.7802431e+02  4.3545695e+01   1.00e+00  1.060e+01     0.0    9324       0
   148  2.7769950e+02  4.3956009e+00   1.00e+00  3.490e+00     0.0    9297       0
   149  2.7766264e+02  1.8740848e+00   1.00e+00  3.033e+00     0.0    9286       0
   150  2.7760598e+02  6.3557985e+00   1.00e+00  3.844e+00     0.0    9247       0
   151  2.7730194e+02  2.5382955e+01   1.00e+00  7.275e+00     0.0    9096       0
   152  2.7740542e+02  2.7135964e+01   1.00e+00  7.602e+00    -0.3    9120       0
   153  2.7713219e+02  1.6014050e+01   1.00e+00  5.585e+00     0.0    9125       0
   154  2.7707033e+02  1.8821723e+00   1.00e+00  3.035e+00     0.0    9104       0
   155  2.7704033e+02  1.8737073e+00   1.00e+00  3.033e+00     0.0    9087       0
   156  2.7654371e+02  8.0253270e+00   1.00e+00  4.132e+00     0.0    8919       0
   157  2.7652948e+02  1.8961790e+01   1.00e+00  6.129e+00    -0.3    8944       0
   158  2.7644374e+02  2.4449002e+01   1.00e+00  7.086e+00    -0.3    8989       0
   159  2.7628022e+02  1.5360342e+01   1.00e+00  5.457e+00     0.0    8963       0
   160  2.7620904e+02  2.1616798e+00   1.00e+00  3.088e+00     0.0    8934       0
   161  2.7618261e+02  2.0552435e+00   1.00e+00  3.069e+00     0.0    8916       0
   162  2.7603001e+02  1.9322248e+00   1.00e+00  3.042e+00     0.0    8856       0
   163  2.7619206e+02  6.7708195e+01   1.00e+00  1.487e+01    -0.3    8736       0
   164  2.7565201e+02  1.4765759e+01   1.00e+00  5.347e+00    -0.3    8927       0
   165  2.7554536e+02  1.0089575e+01   1.00e+00  4.508e+00     0.0    8840       0
   166  2.7549817e+02  6.1219756e+00   1.00e+00  3.797e+00     0.0    8801       0
   167  2.7543231e+02  6.9083178e+00   1.00e+00  3.933e+00     0.0    8768       0
   168  2.7537691e+02  1.0609888e+01   1.00e+00  4.588e+00     0.0    8708       0
   169  2.7544219e+02  4.3996835e+01   1.00e+00  1.055e+01    -0.3    8728       0
   170  2.7525426e+02  5.1247462e+00   1.00e+00  3.613e+00     0.0    8726       0
   171  2.7522235e+02  1.7193246e+00   1.00e+00  3.007e+00     0.0    8713       0
   172  2.7519703e+02  2.3227121e+00   1.00e+00  3.114e+00     0.0    8703       0
   173  2.7483915e+02  3.6924301e+01   1.00e+00  9.243e+00    -0.3    8566       0
   174  2.7476172e+02  5.2310692e+00   1.00e+00  3.629e+00    -0.3    8619       0
   175  2.7455839e+02  4.7497260e+00   1.00e+00  3.541e+00     0.0    8623       0
   176  2.7451406e+02  2.4609297e+00   1.00e+00  3.137e+00     0.0    8609       0
   177  2.7441287e+02  1.3075998e+01   1.00e+00  5.016e+00     0.0    8573       0
   178  2.7442387e+02  9.6853733e+00   1.00e+00  4.410e+00    -0.3    8570       0  2.2988222e+05
   179  1.6140705e+02  9.6599894e+01   1.00e+00  6.151e+00     0.0   42573       0
   180  1.4307766e+02  1.4947569e+02   1.00e+00  7.868e+00     0.0   38136       0
   181  1.3625101e+02  1.7861287e+02   1.00e+00  8.215e+00     0.0   32350       0
   182  1.3275642e+02  1.5958533e+02   1.00e+00  7.166e+00     0.0   28784       0
   183  1.3063000e+02  1.9835536e+02   1.00e+00  8.393e+00     0.0   26477       0
   184  1.2907111e+02  2.0986847e+02   1.00e+00  8.634e+00     0.0   24639       0
   185  1.2788089e+02  1.9833498e+02   1.00e+00  8.081e+00     0.0   23510       0
   186  1.2685846e+02  7.8545310e+01   1.00e+00  3.774e+00     0.0   22727       0
   187  1.2614881e+02  5.6612790e+01   1.00e+00  2.982e+00     0.0   22045       0
   188  1.2523027e+02  5.4174371e+01   1.00e+00  2.868e+00     0.0   21066       0
   189  1.2477662e+02  3.8456348e+02   1.00e+00  1.404e+01     0.0   19099       0
   190  1.2419043e+02  3.2247209e+02   1.00e+00  1.183e+01    -0.3   18722       0
   191  1.2279539e+02  1.9305059e+01   1.00e+00  1.648e+00     0.0   18542       0
   192  1.2259770e+02  1.0857101e+01   1.00e+00  1.369e+00     0.0   18367       0
   193  1.2104523e+02  3.5993103e+01   1.00e+00  2.160e+00     0.0   16863       0
   194  1.2218102e+02  6.6210391e+02   1.00e+00  2.250e+01    -0.3   14308       0
   195  1.1938760e+02  9.0383319e+01   1.00e+00  3.824e+00    -0.3   15148       0
   196  1.1854554e+02  2.1925733e+01   1.00e+00  1.687e+00     0.0   15012       0
   197  1.1831169e+02  1.8138540e+01   1.00e+00  1.569e+00     0.0   14747       0
   198  1.1789856e+02  1.2584186e+01   1.00e+00  1.395e+00     0.0   14244       0
   199  1.1739749e+02  3.5907800e+01   1.00e+00  2.079e+00     0.0   13715       0
   200  1.1824212e+02  2.2828374e+02   1.00e+00  7.967e+00    -0.3   13460       0

 ERROR EXIT -- Too many iterations

 Products with A     :     268        Total time   (secs) :    20.9
 Products with A'    :     201        Project time (secs) :     3.2
 Newton iterations   :       5        Mat-vec time (secs) :    15.3
 Line search its     :     100        Subspace iterations :       0

