
 ==================================================================================
 PQNL1_SLIM v. 46  (Tue, 14 Jun 2011) based on v.1017
 ==================================================================================
 No. rows              :     2001      No. columns           :     2001
 Initial tau           : 5.00e+00      Two-norm of b         : 8.87e+00
 Optimality tol        : 1.00e-04      Target objective      : -3.00e+00
 Basis pursuit tol     : 1.00e-06      Maximum iterations    :      500

     0  8.8699355e+00  2.0006832e+00   1.34e+00  1.574e+01     0.0       0       0  1.1688821e+01

Inside of minConf_PQN 
 Iteration   FunEvals Projections     Step Length          rNorm2        Opt Cond
         1          1          4     4.07356e-01     4.98762e-01     9.86943e+00
         2          1         15     1.00000e+00     5.21900e-02     6.99942e+00
         3          1         26     1.00000e+00     3.73295e-02     6.52991e+00
         4          1         38     1.00000e+00     3.01145e-02     4.64915e+00
         5          1         52     1.00000e+00     2.15814e-02     3.18474e+00
         6          1         68     1.00000e+00     1.89366e-02     4.71078e+00
         7          1         83     1.00000e+00     1.61065e-02     1.82386e+00
         8          1         98     1.00000e+00     1.49199e-02     1.39122e+00
         9          1        117     1.00000e+00     1.35630e-02     1.57674e+00
        10          1        145     1.00000e+00     1.16095e-02     1.99345e+00
        11          1        170     1.00000e+00     1.06891e-02     2.83469e+00
        12          1        179     1.00000e+00     9.42535e-03     8.14675e-01
        13          1        189     1.00000e+00     9.04552e-03     7.55941e-01
        14          1        207     1.00000e+00     8.43244e-03     7.32405e-01
        15          1        230     1.00000e+00     8.23691e-03     2.08281e+00
        16          1        245     1.00000e+00     7.58279e-03     5.51331e-01
        17          1        270     1.00000e+00     7.37883e-03     4.20257e-01
        18          1        290     1.00000e+00     7.07421e-03     5.09032e-01
        19          1        321     1.00000e+00     6.69095e-03     9.28451e-01
        20          1        353     1.00000e+00     6.30481e-03     5.95014e-01
        21          1        383     1.00000e+00     6.09920e-03     3.58605e-01
        22          1        403     1.00000e+00     5.86631e-03     4.26640e-01
        23          1        432     1.00000e+00     5.68587e-03     6.30211e-01
        24          1        469     1.00000e+00     5.48296e-03     3.76006e-01
        25          1        503     1.00000e+00     5.29404e-03     3.16115e-01
        26          1        533     1.00000e+00     5.15239e-03     3.86302e-01
        27          1        570     1.00000e+00     4.92178e-03     4.33975e-01
        28          1        610     1.00000e+00     4.71350e-03     4.76660e-01
        29          1        633     1.00000e+00     4.56098e-03     3.01642e-01
        30          1        658     1.00000e+00     4.42619e-03     2.96482e-01
        31          1        688     1.00000e+00     4.27525e-03     3.55539e-01
        32          1        725     1.00000e+00     4.12452e-03     5.22681e-01
        33          1        738     1.00000e+00     4.00887e-03     2.31726e-01
        34          1        770     1.00000e+00     3.95544e-03     1.95122e-01
        35          1        800     1.00000e+00     3.84175e-03     2.45493e-01
        36          1        839     1.00000e+00     3.75738e-03     5.66304e-01
        37          1        859     1.00000e+00     3.63685e-03     2.15144e-01
        38          1        874     1.00000e+00     3.58667e-03     1.47989e-01
        39          1        892     1.00000e+00     3.53836e-03     1.38049e-01
        40          1        934     1.00000e+00     3.44604e-03     2.13059e-01
        41          1        968     1.00000e+00     3.37427e-03     3.25019e-01
        42          1        997     1.00000e+00     3.29959e-03     1.60213e-01
        43          1       1018     1.00000e+00     3.25310e-03     1.27747e-01
        44          1       1036     1.00000e+00     3.21455e-03     1.26949e-01
        45          1       1065     1.00000e+00     3.16472e-03     1.54287e-01
        46          1       1094     1.00000e+00     3.12061e-03     1.51389e-01
        47          1       1119     1.00000e+00     3.07654e-03     1.15315e-01
        48          1       1162     1.00000e+00     3.04292e-03     1.18553e-01
        49          1       1195     1.00000e+00     3.01240e-03     1.24269e-01
        50          1       1237     1.00000e+00     2.97260e-03     1.17411e-01
        51          1       1274     1.00000e+00     2.92991e-03     2.54497e-01
        52          1       1292     1.00000e+00     2.88495e-03     1.01501e-01
        53          1       1310     1.00000e+00     2.85722e-03     1.00919e-01
        54          1       1349     1.00000e+00     2.81236e-03     1.33340e-01
        55          1       1370     1.00000e+00     2.81066e-03     3.46957e-01
break of testUpdateTau
    55  2.8106623e-03  6.5067335e-03   3.00e+00  6.123e-04     0.0     105       0  2.5472685e+01

Inside of minConf_PQN 
 Iteration   FunEvals Projections     Step Length          rNorm2        Opt Cond
        56          3          4     2.92998e-03     2.76135e-03     8.30148e-02
        57          3         10     1.00000e+00     2.75680e-03     6.74238e-02
        58          3         19     1.00000e+00     2.74105e-03     7.40540e-02
        59          3         33     1.00000e+00     2.72865e-03     6.91285e-02
        60          3         49     1.00000e+00     2.71809e-03     1.46612e-01
        61          3         67     1.00000e+00     2.70218e-03     7.46606e-02
        62          3         90     1.00000e+00     2.68707e-03     7.94644e-02
        63          3        111     1.00000e+00     2.67549e-03     1.02987e-01
        64          3        134     1.00000e+00     2.65829e-03     1.03207e-01
        65          3        179     1.00000e+00     2.63638e-03     1.97483e-01
        66          3        206     1.00000e+00     2.61213e-03     7.01614e-02
        67          3        235     1.00000e+00     2.60296e-03     7.25754e-02
        68          3        262     1.00000e+00     2.59071e-03     9.59275e-02
        69          3        311     1.00000e+00     2.57015e-03     1.07298e-01
        70          3        355     1.00000e+00     2.54775e-03     1.74352e-01
        71          3        385     1.00000e+00     2.52347e-03     7.57842e-02
        72          3        435     1.00000e+00     2.50193e-03     8.58158e-02
        73          3        480     1.00000e+00     2.47987e-03     9.34258e-02
        74          3        502     1.00000e+00     2.45537e-03     1.34261e-01
        75          3        543     1.00000e+00     2.41826e-03     7.92111e-02
        76          3        567     1.00000e+00     2.40223e-03     6.63820e-02
rNorm less than sigma_ref
rNorm less than sigma_ref

 EXIT -- residual less than sigma ref

 Products with A     :      84        Total time   (secs) :     6.8
 Products with A'    :      84        Project time (secs) :     7.1
 Newton iterations   :       2        Mat-vec time (secs) :     0.4

