
 ==================================================================================
 SPGL1_SLIM v. 46  (Tue, 14 Jun 2011) based on v.1017
 ==================================================================================
 No. rows              :     2001      No. columns           :     2001
 Initial tau           : 5.00e+00      Two-norm of b         : 8.87e+00
 Optimality tol        : 1.00e-04      Target objective      : 1.00e-04
 Basis pursuit tol     : 1.00e-06      Maximum iterations    :      500

  Iter      Objective   Relative Gap  Rel Error      gNorm   stepG    nnzX    nnzG            tau
     0  8.8699355e+00  2.0006832e+00   1.00e+00  1.574e+01     0.0       0       0  9.9982363e+00
     1  8.8376227e+00  8.3231090e+00   1.00e+00  1.687e+01     0.0      19       0
     2  4.6804348e+00  7.5946057e+00   1.00e+00  1.012e+01    -0.3     109       0
     3  5.2260047e+00  1.2896914e+01   1.00e+00  1.074e+01     0.0     358       0
     4  8.6802986e-01  2.0586812e+01   8.68e-01  2.194e+00     0.0     428       0
     5  1.6841648e-01  3.4818453e+00   1.68e-01  2.536e-01     0.0     314       0
     6  8.8424007e-02  1.0515651e+00   8.83e-02  8.488e-02     0.0     306       0
     7  5.6497322e-02  3.5500351e-01   5.64e-02  3.372e-02     0.0     288       0
     8  4.2696486e-02  1.6902151e-01   4.26e-02  2.120e-02     0.0     262       0
     9  3.4666084e-02  2.2734879e-01   3.46e-02  2.268e-02     0.0     256       0
    10  4.5815485e-02  5.5813311e-01   4.57e-02  7.220e-02     0.0     247       0
    11  3.3012322e-02  3.9106364e-01   3.29e-02  3.209e-02     0.0     239       0
    12  2.5401361e-02  4.8237277e-02   2.53e-02  6.857e-03     0.0     238       0
    13  2.4698338e-02  4.3750918e-02   2.46e-02  6.097e-03     0.0     238       0
    14  1.4666478e-02  4.2990134e-02   1.46e-02  4.470e-03     0.0     210       0
    15  2.3636070e-02  3.2730881e-01   2.35e-02  3.504e-02     0.0     210       0
    16  1.3026682e-02  6.7982944e-02   1.29e-02  8.760e-03    -0.3     209       0
    17  1.1011749e-02  4.3280303e-02   1.09e-02  4.161e-03     0.0     209       0
    18  1.0370564e-02  2.5560618e-02   1.03e-02  3.085e-03     0.0     209       0
    19  9.9666114e-03  2.2904993e-02   9.87e-03  2.337e-03     0.0     210       0
    20  9.7463011e-03  2.5966191e-02   9.65e-03  3.487e-03     0.0     211       0
    21  9.8932199e-03  5.1920380e-02   9.79e-03  4.359e-03     0.0     211       0
    22  9.3597225e-03  1.4153349e-02   9.26e-03  1.779e-03     0.0     211       0
    23  9.2971675e-03  9.3658810e-03   9.20e-03  1.098e-03     0.0     211       0
    24  9.2026893e-03  9.2448288e-03   9.10e-03  1.076e-03     0.0     211       0
    25  8.6090004e-03  1.9338928e-02   8.51e-03  1.514e-03     0.0     211       0
    26  8.8659973e-03  2.8402822e-02   8.77e-03  3.597e-03    -0.3     211       0
    27  8.4640811e-03  1.7709640e-02   8.36e-03  1.398e-03     0.0     211       0
    28  8.3955907e-03  6.9771707e-03   8.30e-03  6.219e-04     0.0     211       0
    29  8.3763131e-03  6.5776781e-03   8.28e-03  5.799e-04     0.0     211       0
    30  8.0835532e-03  7.7375256e-03   7.98e-03  8.265e-04     0.0     211       0
    31  8.1696308e-03  3.2078194e-02   8.07e-03  2.518e-03    -0.3     211       0
    32  7.9332823e-03  1.0854638e-02   7.83e-03  1.031e-03    -0.3     211       0
    33  7.8991815e-03  7.9183940e-03   7.80e-03  6.328e-04     0.0     211       0
    34  7.8610010e-03  7.1222628e-03   7.76e-03  5.838e-04     0.0     211       0
    35  7.7604512e-03  8.2980681e-03   7.66e-03  6.896e-04     0.0     211       0
    36  7.7448547e-03  7.1060813e-03   7.64e-03  7.193e-04    -0.3     211       0
    37  7.7303212e-03  6.8168513e-03   7.63e-03  5.587e-04     0.0     211       0
    38  7.7176858e-03  5.7243351e-03   7.62e-03  5.365e-04     0.0     211       0
    39  7.7035998e-03  6.4314186e-03   7.60e-03  5.180e-04     0.0     211       0
    40  7.6937639e-03  7.7968901e-03   7.59e-03  8.286e-04     0.0     211       0
    41  7.6944879e-03  1.2319284e-02   7.59e-03  9.685e-04     0.0     211       0
    42  7.6586276e-03  5.2507121e-03   7.56e-03  4.811e-04     0.0     211       0
    43  7.6509235e-03  4.2434237e-03   7.55e-03  3.392e-04     0.0     211       0
    44  7.6316475e-03  4.3816900e-03   7.53e-03  3.639e-04     0.0     211       0
    45  7.5757139e-03  3.0460761e-02   7.48e-03  2.383e-03    -0.3     217       0
    46  7.2823909e-03  6.8696330e-03   7.18e-03  7.250e-04    -0.3     217       0
    47  7.2599588e-03  3.7621069e-03   7.16e-03  2.790e-04     0.0     217       0
    48  7.2552232e-03  3.7029770e-03   7.16e-03  2.749e-04     0.0     217       0
    49  6.8257244e-03  7.2640593e-03   6.73e-03  7.336e-04     0.0     217       0
    50  6.7546834e-03  1.1516569e-02   6.65e-03  1.215e-03    -0.3     217       0
    51  7.0302187e-03  2.8943891e-02   6.93e-03  2.264e-03    -0.3     217       0
    52  6.6503814e-03  6.1329404e-03   6.55e-03  6.020e-04     0.0     217       0
    53  6.6350525e-03  4.1050360e-03   6.54e-03  3.166e-04     0.0     217       0
    54  6.6296315e-03  3.8291969e-03   6.53e-03  2.933e-04     0.0     217       0
    55  6.5956037e-03  3.3496754e-03   6.50e-03  2.783e-04     0.0     217       0
    56  6.5647814e-03  4.8841036e-03   6.46e-03  4.343e-04     0.0     217       0
    57  6.5553385e-03  5.1846597e-03   6.46e-03  3.815e-04    -0.3     217       0
    58  6.5496037e-03  4.3922413e-03   6.45e-03  4.205e-04     0.0     217       0
    59  6.5415833e-03  3.5759367e-03   6.44e-03  2.555e-04     0.0     217       0
    60  6.5377170e-03  2.9651800e-03   6.44e-03  2.268e-04     0.0     217       0
    61  6.5322545e-03  2.7136357e-03   6.43e-03  1.889e-04     0.0     217       0
    62  6.5242779e-03  6.0835792e-03   6.42e-03  6.776e-04     0.0     217       0
    63  6.4985751e-03  3.7855047e-03   6.40e-03  2.855e-04    -0.3     217       0
    64  6.4951831e-03  2.4888722e-03   6.40e-03  1.860e-04     0.0     217       0
    65  6.4913997e-03  2.4539912e-03   6.39e-03  1.794e-04     0.0     217       0
    66  6.3523025e-03  7.3637700e-03   6.25e-03  7.497e-04     0.0     215       0
    67  6.3476574e-03  1.0045135e-02   6.25e-03  7.628e-04    -0.3     215       0
    68  6.3078340e-03  4.5285158e-03   6.21e-03  4.142e-04     0.0     215       0
    69  6.3008218e-03  3.4698586e-03   6.20e-03  2.661e-04     0.0     215       0
    70  6.2950219e-03  3.1041495e-03   6.20e-03  2.386e-04     0.0     215       0
    71  6.2745162e-03  3.3191410e-03   6.17e-03  2.554e-04     0.0     215       0
    72  6.2973774e-03  6.1542303e-03   6.20e-03  7.147e-04    -0.3     215       0
    73  6.2584023e-03  2.6061474e-03   6.16e-03  1.845e-04    -0.3     215       0
    74  6.2564780e-03  2.0243883e-03   6.16e-03  1.421e-04     0.0     215       0
    75  6.2514950e-03  1.9970390e-03   6.15e-03  1.388e-04     0.0     215       0
    76  5.8622791e-03  1.3608408e-02   5.76e-03  1.757e-03     0.0     217       0
    77  5.7439048e-03  1.9140263e-02   5.64e-03  1.510e-03    -0.3     217       0
    78  5.5660625e-03  2.7865230e-03   5.47e-03  2.591e-04     0.0     217       0
    79  5.5601640e-03  2.4324190e-03   5.46e-03  2.177e-04     0.0     217       0
    80  5.5442035e-03  1.7424881e-03   5.44e-03  1.509e-04     0.0     217       0
    81  5.5378679e-03  2.8766051e-03   5.44e-03  2.168e-04     0.0     217       0
    82  5.5525705e-03  5.3862629e-03   5.45e-03  7.401e-04    -0.3     217       0
    83  5.5290186e-03  2.7638976e-03   5.43e-03  2.342e-04    -0.3     217       0
    84  5.5271286e-03  1.6806664e-03   5.43e-03  1.445e-04     0.0     217       0
    85  5.5257299e-03  1.8576654e-03   5.43e-03  1.494e-04     0.0     217       0
    86  5.5202634e-03  2.4248129e-03   5.42e-03  2.349e-04     0.0     217       0
    87  5.5193979e-03  3.3196899e-03   5.42e-03  2.601e-04    -0.3     217       0
    88  5.5164246e-03  2.0513888e-03   5.42e-03  1.849e-04     0.0     217       0
    89  5.5152060e-03  1.8042138e-03   5.42e-03  1.443e-04     0.0     217       0
    90  5.5133108e-03  1.8067856e-03   5.41e-03  1.504e-04     0.0     217       0
    91  5.5113446e-03  7.7886531e-03   5.41e-03  6.075e-04     0.0     217       0
    92  5.4838009e-03  2.8924304e-03   5.38e-03  3.073e-04    -0.3     217       0
    93  5.4785808e-03  1.6764606e-03   5.38e-03  1.331e-04     0.0     217       0
    94  5.4777414e-03  1.6751961e-03   5.38e-03  1.336e-04     0.0     217       0
    95  5.1409118e-03  2.9259113e-03   5.04e-03  2.234e-04     0.0     219       0
    96  5.2373707e-03  7.3272422e-03   5.14e-03  9.589e-04    -0.3     218       0
    97  5.1427129e-03  4.4951594e-03   5.04e-03  3.520e-04     0.0     219       0
    98  5.1314501e-03  1.5440576e-03   5.03e-03  1.291e-04     0.0     219       0
    99  5.1307080e-03  1.4800254e-03   5.03e-03  1.198e-04     0.0     219       0
   100  5.1182109e-03  2.9019097e-03   5.02e-03  2.241e-04     0.0     219       0
   101  5.1133865e-03  1.8782781e-03   5.01e-03  1.743e-04    -0.3     219       0
   102  5.1102142e-03  1.9855358e-03   5.01e-03  1.583e-04     0.0     219       0
   103  5.1079691e-03  1.9671434e-03   5.01e-03  1.580e-04     0.0     219       0
   104  5.1074736e-03  2.6244193e-03   5.01e-03  2.598e-04     0.0     219       0
   105  5.1055292e-03  2.7559321e-03   5.01e-03  2.097e-04     0.0     219       0
   106  5.1029199e-03  1.4602355e-03   5.00e-03  1.185e-04     0.0     219       0
   107  5.1021417e-03  1.3641672e-03   5.00e-03  1.025e-04     0.0     219       0
   108  5.0983273e-03  1.4286935e-03   5.00e-03  1.148e-04     0.0     219       0
   109  5.0959307e-03  3.6359621e-03   5.00e-03  2.784e-04    -0.3     219       0
   110  5.0902816e-03  1.5754111e-03   4.99e-03  1.354e-04    -0.3     219       0
   111  5.0894015e-03  1.3540261e-03   4.99e-03  1.019e-04     0.0     219       0
   112  5.0879524e-03  1.3489864e-03   4.99e-03  1.031e-04     0.0     219       0
   113  5.0586883e-03  1.4657692e-02   4.96e-03  1.139e-03     0.0     221       0
   114  4.9329838e-03  5.0171810e-03   4.83e-03  6.285e-04    -0.3     221       0
   115  4.8841190e-03  1.3211915e-03   4.78e-03  1.026e-04     0.0     221       0
   116  4.8835589e-03  1.3060553e-03   4.78e-03  1.012e-04     0.0     221       0
   117  4.6602755e-03  4.2344352e-03   4.56e-03  3.571e-04     0.0     221       0
   118  4.6990698e-03  5.7991243e-03   4.60e-03  5.913e-04    -0.3     221       0
   119  4.6332587e-03  1.5771258e-03   4.53e-03  1.313e-04     0.0     221       0
   120  4.6296823e-03  1.3661605e-03   4.53e-03  1.173e-04     0.0     221       0
   121  4.6283795e-03  1.4588174e-03   4.53e-03  1.116e-04     0.0     221       0
   122  4.6269381e-03  1.8365938e-03   4.53e-03  1.808e-04     0.0     221       0
   123  4.6261423e-03  2.3204043e-03   4.53e-03  1.760e-04    -0.3     221       0
   124  4.6237105e-03  1.3322450e-03   4.52e-03  1.098e-04     0.0     221       0
   125  4.6230412e-03  1.2517657e-03   4.52e-03  9.614e-05     0.0     221       0
   126  4.6202730e-03  1.2777048e-03   4.52e-03  1.030e-04     0.0     221       0
   127  4.6181977e-03  3.6904080e-03   4.52e-03  2.819e-04    -0.3     221       0
   128  4.6100966e-03  1.4802425e-03   4.51e-03  1.336e-04    -0.3     221       0
   129  4.6091527e-03  1.1945774e-03   4.51e-03  9.125e-05     0.0     221       0
   130  4.6083682e-03  1.1717386e-03   4.51e-03  8.979e-05     0.0     221       0
   131  4.4586161e-03  5.6345486e-03   4.36e-03  4.476e-04     0.0     221       0
   132  4.5316639e-03  5.9316973e-03   4.43e-03  7.759e-04    -0.3     221       0
   133  4.4313982e-03  1.5209593e-03   4.33e-03  1.258e-04     0.0     221       0
   134  4.4304811e-03  1.3199729e-03   4.33e-03  1.099e-04     0.0     221       0
   135  4.4226725e-03  1.3197621e-03   4.32e-03  1.091e-04     0.0     221       0
   136  4.4051411e-03  5.5470194e-03   4.31e-03  5.625e-04     0.0     221       0
   137  4.3760910e-03  3.8444722e-03   4.28e-03  3.101e-04    -0.3     221       0
   138  4.3710297e-03  1.7319666e-03   4.27e-03  1.649e-04     0.0     221       0
   139  4.3695794e-03  1.4312741e-03   4.27e-03  1.083e-04     0.0     221       0
   140  4.3684846e-03  1.3258820e-03   4.27e-03  1.086e-04     0.0     221       0
   141  4.3662731e-03  1.6046287e-03   4.27e-03  1.216e-04     0.0     221       0
   142  4.3673970e-03  2.1852607e-03   4.27e-03  2.331e-04    -0.3     221       0
   143  4.3658509e-03  2.7911444e-03   4.27e-03  2.125e-04     0.0     221       0
   144  4.3614787e-03  1.2487214e-03   4.26e-03  1.004e-04     0.0     221       0
   145  4.3608636e-03  1.1782643e-03   4.26e-03  9.058e-05     0.0     221       0
   146  4.3524698e-03  1.1951021e-03   4.25e-03  9.610e-05     0.0     221       0
   147  4.3530973e-03  4.0557068e-03   4.25e-03  3.095e-04    -0.3     221       0
   148  4.3405758e-03  1.4294964e-03   4.24e-03  1.329e-04    -0.3     221       0
   149  4.3395218e-03  1.0790978e-03   4.24e-03  8.216e-05     0.0     221       0
   150  4.3389348e-03  1.0679944e-03   4.24e-03  8.147e-05     0.0     221       0
   151  4.1580705e-03  3.6660606e-03   4.06e-03  3.079e-04     0.0     221       0
   152  4.2108250e-03  5.0468109e-03   4.11e-03  6.444e-04    -0.3     221       0
   153  4.1420722e-03  2.2943173e-03   4.04e-03  1.896e-04     0.0     221       0
   154  4.1390852e-03  1.3085056e-03   4.04e-03  1.144e-04     0.0     221       0
   155  4.1366562e-03  1.3121115e-03   4.04e-03  1.150e-04     0.0     221       0
   156  4.0865429e-03  1.2736775e-03   3.99e-03  1.264e-04     0.0     222       0
   157  4.1005121e-03  5.0184324e-03   4.00e-03  3.843e-04    -0.3     222       0
   158  4.1021888e-03  2.9942741e-03   4.00e-03  3.598e-04     0.0     222       0
   159  4.0807608e-03  1.4396290e-03   3.98e-03  1.087e-04     0.0     222       0
   160  4.0800710e-03  9.8481230e-04   3.98e-03  7.416e-05     0.0     222       0
   161  4.0794065e-03  9.4269706e-04   3.98e-03  7.087e-05     0.0     222       0
   162  4.0645730e-03  1.1523745e-03   3.96e-03  1.065e-04     0.0     223       0
   163  4.0649086e-03  2.4765396e-03   3.96e-03  1.873e-04    -0.3     223       0
   164  4.0680244e-03  2.2051123e-03   3.97e-03  2.567e-04     0.0     223       0
   165  4.0610928e-03  2.0775912e-03   3.96e-03  1.610e-04     0.0     223       0
   166  4.0587139e-03  9.4730139e-04   3.96e-03  7.440e-05     0.0     223       0
   167  4.0583171e-03  9.3176261e-04   3.96e-03  7.161e-05     0.0     223       0
   168  4.0402787e-03  1.6093303e-03   3.94e-03  1.273e-04     0.0     224       0
   169  4.0428606e-03  2.1346440e-03   3.94e-03  1.942e-04    -0.3     224       0
   170  4.0420057e-03  2.0957334e-03   3.94e-03  2.353e-04     0.0     224       0
   171  4.0371091e-03  2.3767060e-03   3.94e-03  1.807e-04     0.0     224       0
   172  4.0335001e-03  9.7918374e-04   3.93e-03  7.600e-05     0.0     224       0
   173  4.0331268e-03  9.4698140e-04   3.93e-03  7.221e-05     0.0     224       0
   174  4.0142856e-03  1.1515197e-03   3.91e-03  1.076e-04     0.0     225       0
   175  4.0301200e-03  4.4589174e-03   3.93e-03  3.388e-04    -0.3     225       0
   176  4.0126369e-03  2.2243041e-03   3.91e-03  2.168e-04    -0.3     225       0
   177  4.0087110e-03  2.0457150e-03   3.91e-03  1.546e-04     0.0     225       0
   178  4.0067352e-03  1.1504358e-03   3.91e-03  9.403e-05     0.0     225       0
   179  4.0062062e-03  9.9020811e-04   3.91e-03  7.450e-05     0.0     225       0
   180  4.0048583e-03  9.2629297e-04   3.90e-03  7.403e-05     0.0     225       0
   181  4.0058450e-03  3.7075249e-03   3.91e-03  2.823e-04     0.0     225       0
   182  3.9987743e-03  1.7823472e-03   3.90e-03  1.914e-04    -0.3     225       0
   183  3.9942027e-03  9.7427258e-04   3.89e-03  7.296e-05     0.0     225       0
   184  3.9938256e-03  9.6292237e-04   3.89e-03  7.361e-05     0.0     225       0
   185  3.9856812e-03  1.1429062e-03   3.89e-03  1.024e-04     0.0     225       0
   186  3.9935217e-03  2.8602196e-03   3.89e-03  2.385e-04    -0.3     225       0
   187  3.9878387e-03  2.8973343e-03   3.89e-03  2.435e-04     0.0     225       0
   188  3.9900198e-03  2.3946108e-03   3.89e-03  2.844e-04     0.0     225       0
   189  3.9778817e-03  1.2639670e-03   3.88e-03  9.813e-05     0.0     225       0
   190  3.9773082e-03  9.0364787e-04   3.88e-03  7.022e-05     0.0     225       0
   191  3.9767009e-03  9.0037500e-04   3.88e-03  6.900e-05     0.0     225       0
   192  3.9345765e-03  1.9035956e-03   3.83e-03  1.650e-04     0.0     225       0
   193  3.9476315e-03  4.0176547e-03   3.85e-03  3.320e-04    -0.3     225       0
   194  3.9403368e-03  2.3502018e-03   3.84e-03  2.826e-04     0.0     225       0
   195  3.9283602e-03  1.0808363e-03   3.83e-03  8.740e-05     0.0     225       0
   196  3.9278771e-03  9.2095009e-04   3.83e-03  7.406e-05     0.0     225       0
   197  3.9265885e-03  9.1956912e-04   3.83e-03  6.989e-05     0.0     225       0
   198  3.9198416e-03  1.0327422e-03   3.82e-03  9.428e-05     0.0     225       0
   199  3.9238313e-03  3.2329628e-03   3.82e-03  2.454e-04    -0.3     225       0
   200  3.9173825e-03  1.4945111e-03   3.82e-03  1.390e-04    -0.3     225       0
   201  3.9158649e-03  1.0507415e-03   3.82e-03  7.848e-05     0.0     225       0
   202  3.9153419e-03  9.8560936e-04   3.82e-03  7.584e-05     0.0     225       0
   203  3.9127955e-03  1.0487811e-03   3.81e-03  8.576e-05     0.0     225       0
   204  3.9154725e-03  2.3929893e-03   3.82e-03  2.390e-04    -0.3     225       0
   205  3.9088276e-03  1.5488380e-03   3.81e-03  1.166e-04    -0.3     225       0
   206  3.9076911e-03  1.1536247e-03   3.81e-03  8.960e-05     0.0     225       0
   207  3.9066088e-03  9.4222055e-04   3.81e-03  7.100e-05     0.0     225       0
   208  3.9048057e-03  1.0417429e-03   3.80e-03  9.293e-05     0.0     225       0
   209  3.9041651e-03  1.2656870e-03   3.80e-03  9.704e-05    -0.3     225       0
   210  3.9034909e-03  1.0071214e-03   3.80e-03  8.715e-05     0.0     225       0
   211  3.9028774e-03  1.0589517e-03   3.80e-03  8.091e-05     0.0     225       0
   212  3.9022233e-03  9.6330142e-04   3.80e-03  8.032e-05     0.0     225       0
   213  3.9014549e-03  1.4173716e-03   3.80e-03  1.084e-04     0.0     225       0
   214  3.9027560e-03  1.5725436e-03   3.80e-03  1.672e-04     0.0     225       0
   215  3.8997449e-03  1.2982867e-03   3.80e-03  9.927e-05     0.0     225       0
   216  3.8991040e-03  8.8650340e-04   3.80e-03  6.856e-05     0.0     225       0
   217  3.8986146e-03  8.8110540e-04   3.80e-03  6.719e-05     0.0     225       0
   218  3.8522673e-03  1.9826137e-03   3.75e-03  2.266e-04     0.0     227       0
   219  3.8552790e-03  3.4453064e-03   3.76e-03  2.650e-04    -0.3     227       0
   220  3.8439033e-03  8.7908332e-04   3.74e-03  6.899e-05     0.0     227       0
   221  3.8435851e-03  8.5559995e-04   3.74e-03  6.538e-05     0.0     227       0
   222  3.8335349e-03  8.6200892e-04   3.73e-03  6.668e-05     0.0     227       0
   223  3.8117198e-03  5.9065864e-03   3.71e-03  4.546e-04    -0.3     227       0
   224  3.7705547e-03  1.4779753e-03   3.67e-03  1.566e-04    -0.3     227       0
   225  3.7676112e-03  8.3379590e-04   3.67e-03  6.360e-05     0.0     227       0
   226  3.7673008e-03  8.3271674e-04   3.67e-03  6.367e-05     0.0     227       0
   227  3.3698311e-03  2.2658150e-03   3.27e-03  2.683e-04     0.0     231       0
   228  3.6445913e-03  1.4947020e-02   3.54e-03  1.148e-03    -0.3     231       0
   229  3.4449449e-03  6.4945187e-03   3.34e-03  7.970e-04     0.0     231       0
   230  3.4279754e-03  8.1084663e-03   3.33e-03  6.872e-04     0.0     231       0
   231  3.3213748e-03  1.2028507e-03   3.22e-03  8.824e-05     0.0     231       0
   232  3.3207336e-03  8.0971371e-04   3.22e-03  5.817e-05     0.0     231       0
   233  3.3202525e-03  7.8725492e-04   3.22e-03  5.828e-05     0.0     231       0
   234  3.3172613e-03  8.2378922e-04   3.22e-03  6.155e-05     0.0     231       0
   235  3.3165329e-03  9.5961452e-04   3.22e-03  9.125e-05    -0.3     231       0
   236  3.3183005e-03  2.5356499e-03   3.22e-03  2.117e-04     0.0     231       0
   237  3.3151564e-03  8.6009374e-04   3.22e-03  7.216e-05     0.0     231       0
   238  3.3145426e-03  6.9632075e-04   3.21e-03  5.343e-05     0.0     231       0
   239  3.3142431e-03  6.8651047e-04   3.21e-03  5.138e-05     0.0     231       0
   240  3.3119138e-03  7.8027891e-04   3.21e-03  6.534e-05     0.0     231       0
   241  3.3129542e-03  1.3254578e-03   3.21e-03  1.020e-04    -0.3     231       0
   242  3.3113517e-03  9.4057772e-04   3.21e-03  8.682e-05     0.0     231       0
   243  3.3102161e-03  6.7334934e-04   3.21e-03  5.017e-05     0.0     231       0
   244  3.3099824e-03  6.5916269e-04   3.21e-03  4.948e-05     0.0     231       0
   245  3.3002517e-03  7.8339557e-04   3.20e-03  6.034e-05     0.0     231       0
   246  3.3015353e-03  1.1524271e-03   3.20e-03  1.194e-04    -0.3     231       0
   247  3.3062384e-03  2.2839966e-03   3.21e-03  1.779e-04     0.0     231       0
   248  3.2978095e-03  6.6076005e-04   3.20e-03  5.166e-05     0.0     231       0
   249  3.2975918e-03  6.4502849e-04   3.20e-03  4.885e-05     0.0     231       0
   250  3.2953773e-03  6.4203094e-04   3.20e-03  4.889e-05     0.0     231       0
   251  3.2728361e-03  1.0580322e-02   3.17e-03  8.533e-04    -0.3     231       0
   252  3.2101215e-03  4.5097393e-03   3.11e-03  5.618e-04    -0.3     231       0
   253  3.1357043e-03  8.7568678e-04   3.04e-03  6.959e-05     0.0     231       0
   254  3.1350545e-03  6.6114551e-04   3.04e-03  5.187e-05     0.0     231       0
   255  3.1346772e-03  6.3210653e-04   3.03e-03  4.879e-05     0.0     231       0
   256  3.1332277e-03  6.5275323e-04   3.03e-03  5.451e-05     0.0     231       0
   257  3.1340410e-03  1.9316464e-03   3.03e-03  1.544e-04    -0.3     231       0
   258  3.1300550e-03  8.5757512e-04   3.03e-03  7.588e-05    -0.3     231       0
   259  3.1292682e-03  7.4404506e-04   3.03e-03  5.710e-05     0.0     231       0
   260  3.1288546e-03  6.5809713e-04   3.03e-03  5.409e-05     0.0     231       0
   261  3.1282979e-03  8.7068547e-04   3.03e-03  6.888e-05     0.0     231       0
   262  3.1280922e-03  7.8357723e-04   3.03e-03  7.417e-05    -0.3     231       0
   263  3.1275414e-03  8.7332829e-04   3.03e-03  6.852e-05     0.0     231       0
   264  3.1271571e-03  6.2957751e-04   3.03e-03  5.095e-05     0.0     231       0
   265  3.1268815e-03  6.2880659e-04   3.03e-03  4.909e-05     0.0     231       0
   266  3.1249533e-03  7.1860948e-04   3.02e-03  6.550e-05     0.0     231       0
   267  3.1250001e-03  1.1292195e-03   3.03e-03  8.780e-05    -0.3     231       0  1.0105903e+01
   268  3.1240574e-03  6.6924107e-04   3.02e-03  5.714e-05     0.0     231       0
   269  3.1237701e-03  6.2443419e-04   3.02e-03  4.826e-05     0.0     231       0
   270  3.1234201e-03  6.2104368e-04   3.02e-03  4.880e-05     0.0     231       0
   271  3.1160197e-03  2.0925894e-03   3.02e-03  1.603e-04     0.0     231       0
   272  3.1099246e-03  7.9266762e-04   3.01e-03  7.489e-05    -0.3     231       0
   273  3.1092053e-03  6.0024724e-04   3.01e-03  4.598e-05     0.0     231       0
   274  3.1090032e-03  6.0202996e-04   3.01e-03  4.630e-05     0.0     231       0
   275  2.9762078e-03  1.2617355e-03   2.88e-03  9.278e-05     0.0     231       0
   276  3.0208451e-03  2.9753896e-03   2.92e-03  3.720e-04    -0.3     231       0
   277  2.9733925e-03  7.8419484e-04   2.87e-03  5.797e-05     0.0     231       0
   278  2.9730880e-03  6.3069117e-04   2.87e-03  4.753e-05     0.0     231       0
   279  2.9728205e-03  6.2391885e-04   2.87e-03  4.687e-05     0.0     231       0
   280  2.9352499e-03  1.2149433e-03   2.84e-03  1.280e-04     0.0     233       0
   281  2.9392417e-03  4.2862546e-03   2.84e-03  3.669e-04    -0.3     233       0
   282  2.9542651e-03  4.8700909e-03   2.85e-03  5.863e-04    -0.3     233       0
   283  2.9207718e-03  1.8280853e-03   2.82e-03  1.505e-04     0.0     233       0
   284  2.9171156e-03  7.9355738e-04   2.82e-03  7.577e-05     0.0     233       0
   285  2.9166833e-03  7.5415213e-04   2.82e-03  6.998e-05     0.0     233       0
   286  2.9144959e-03  7.1880713e-04   2.81e-03  6.657e-05     0.0     233       0
   287  2.9127570e-03  1.5757727e-03   2.81e-03  1.332e-04    -0.3     233       0
   288  2.9107314e-03  6.5599872e-04   2.81e-03  6.298e-05    -0.3     233       0
   289  2.9101721e-03  6.7516959e-04   2.81e-03  5.569e-05     0.0     233       0
   290  2.9098907e-03  6.2296364e-04   2.81e-03  5.350e-05     0.0     233       0
   291  2.9092281e-03  6.9113949e-04   2.81e-03  5.686e-05     0.0     233       0
   292  2.9088487e-03  6.7788134e-04   2.81e-03  6.395e-05    -0.3     233       0
   293  2.9091215e-03  1.1390650e-03   2.81e-03  9.031e-05     0.0     233       0
   294  2.9080408e-03  6.5660242e-04   2.81e-03  6.027e-05     0.0     233       0
   295  2.9077352e-03  5.8123724e-04   2.81e-03  4.759e-05     0.0     233       0
   296  2.9074856e-03  5.8732555e-04   2.81e-03  4.872e-05     0.0     233       0
   297  2.8979847e-03  1.2595276e-03   2.80e-03  9.429e-05     0.0     233       0
   298  2.9010525e-03  1.2910413e-03   2.80e-03  1.442e-04    -0.3     233       0
   299  2.8956976e-03  5.9938491e-04   2.80e-03  4.473e-05     0.0     233       0
   300  2.8955301e-03  5.6048927e-04   2.80e-03  4.233e-05     0.0     233       0
   301  2.8943372e-03  5.4325913e-04   2.79e-03  4.081e-05     0.0     233       0
   302  2.8706629e-03  2.1136834e-03   2.77e-03  2.707e-04     0.0     235       0
   303  2.8500627e-03  1.6600089e-03   2.75e-03  1.457e-04    -0.3     235       0
   304  2.8467151e-03  8.7668919e-04   2.75e-03  8.828e-05     0.0     235       0
   305  2.8455726e-03  8.4474634e-04   2.75e-03  8.401e-05     0.0     236       0
   306  2.8302351e-03  6.1585973e-04   2.73e-03  5.427e-05     0.0     237       0
   307  2.8351458e-03  2.1313685e-03   2.74e-03  1.732e-04    -0.3     237       0
   308  2.8338561e-03  1.2460761e-03   2.73e-03  1.443e-04     0.0     237       0
   309  2.8281915e-03  7.2849809e-04   2.73e-03  5.671e-05     0.0     237       0
   310  2.8278946e-03  4.9302675e-04   2.73e-03  3.840e-05     0.0     237       0
   311  2.8276796e-03  4.9310562e-04   2.73e-03  3.820e-05     0.0     237       0
   312  2.8086346e-03  9.5589541e-04   2.71e-03  8.266e-05     0.0     237       0
   313  2.8129108e-03  2.2267338e-03   2.71e-03  1.784e-04    -0.3     237       0
   314  2.8114283e-03  1.3714507e-03   2.71e-03  1.532e-04     0.0     237       0
   315  2.8052424e-03  6.9909889e-04   2.71e-03  5.170e-05     0.0     237       0
   316  2.8049797e-03  5.6646064e-04   2.70e-03  4.198e-05     0.0     237       0
   317  2.8044817e-03  5.6663603e-04   2.70e-03  4.212e-05     0.0     237       0
   318  2.7955292e-03  7.6885942e-04   2.70e-03  7.193e-05     0.0     237       0
   319  2.8020166e-03  2.1240382e-03   2.70e-03  1.662e-04    -0.3     237       0
   320  2.7958475e-03  8.9013674e-04   2.70e-03  1.001e-04     0.0     237       0
   321  2.7932623e-03  5.1951457e-04   2.69e-03  4.259e-05     0.0     237       0
   322  2.7930829e-03  5.1427224e-04   2.69e-03  4.220e-05     0.0     237       0
   323  2.7876241e-03  8.1497469e-04   2.69e-03  6.532e-05     0.0     237       0
   324  2.7893816e-03  1.3588426e-03   2.69e-03  1.391e-04    -0.3     237       0
   325  2.7897737e-03  1.9098294e-03   2.69e-03  1.546e-04     0.0     237       0
   326  2.7862793e-03  8.5708540e-04   2.69e-03  8.938e-05     0.0     237       0
   327  2.7848653e-03  7.3472305e-04   2.68e-03  5.588e-05     0.0     237       0
   328  2.7845260e-03  4.9104875e-04   2.68e-03  3.790e-05     0.0     237       0
   329  2.7843543e-03  4.8819299e-04   2.68e-03  3.720e-05     0.0     237       0
   330  2.7743988e-03  7.0015670e-04   2.67e-03  6.516e-05     0.0     237       0
   331  2.7758019e-03  1.4595686e-03   2.68e-03  1.122e-04    -0.3     237       0
   332  2.7732964e-03  6.6855759e-04   2.67e-03  6.217e-05     0.0     237       0
   333  2.7728478e-03  5.0674907e-04   2.67e-03  3.877e-05     0.0     237       0
   334  2.7726853e-03  4.8788712e-04   2.67e-03  3.724e-05     0.0     237       0
   335  2.7661092e-03  8.6346917e-04   2.67e-03  7.334e-05     0.0     237       0
   336  2.7673058e-03  1.0765679e-03   2.67e-03  1.112e-04    -0.3     237       0
   337  2.7678768e-03  1.6138254e-03   2.67e-03  1.236e-04     0.0     237       0
   338  2.7642002e-03  5.8569659e-04   2.66e-03  5.209e-05     0.0     237       0
   339  2.7639092e-03  4.9993675e-04   2.66e-03  3.841e-05     0.0     237       0
   340  2.7637280e-03  4.9949467e-04   2.66e-03  3.856e-05     0.0     237       0
   341  2.7490387e-03  9.0885486e-04   2.65e-03  7.564e-05     0.0     237       0
   342  2.7576367e-03  2.0207983e-03   2.66e-03  2.237e-04    -0.3     237       0
   343  2.7545692e-03  2.1765121e-03   2.65e-03  1.666e-04     0.0     237       0
   344  2.7461084e-03  5.6211402e-04   2.65e-03  4.768e-05     0.0     237       0
   345  2.7458751e-03  5.2406664e-04   2.65e-03  4.052e-05     0.0     237       0
   346  2.7455632e-03  5.0386066e-04   2.65e-03  3.869e-05     0.0     237       0
   347  2.7419151e-03  6.2776856e-04   2.64e-03  5.151e-05     0.0     237       0
   348  2.7421680e-03  1.0524484e-03   2.64e-03  1.065e-04    -0.3     237       0
   349  2.7432735e-03  1.6054757e-03   2.64e-03  1.232e-04    -0.3     237       0
   350  2.7398347e-03  6.3116963e-04   2.64e-03  5.539e-05     0.0     237       0
   351  2.7395613e-03  5.3955667e-04   2.64e-03  4.198e-05     0.0     237       0
   352  2.7393367e-03  5.1599107e-04   2.64e-03  4.008e-05     0.0     237       0
   353  2.7362890e-03  7.2752223e-04   2.64e-03  6.126e-05     0.0     237       0
   354  2.7366353e-03  9.7177628e-04   2.64e-03  1.003e-04    -0.3     237       0
   355  2.7359873e-03  1.2370331e-03   2.64e-03  9.513e-05    -0.3     237       0
   356  2.7343696e-03  5.5595396e-04   2.63e-03  4.480e-05     0.0     237       0
   357  2.7342041e-03  5.2194740e-04   2.63e-03  4.032e-05     0.0     237       0
   358  2.7333186e-03  4.7966407e-04   2.63e-03  3.748e-05     0.0     237       0
   359  2.7306994e-03  1.2415017e-03   2.63e-03  9.691e-05     0.0     237       0
   360  2.7320219e-03  1.0326857e-03   2.63e-03  1.137e-04    -0.3     237       0
   361  2.7287559e-03  6.2366069e-04   2.63e-03  4.775e-05     0.0     237       0
   362  2.7285709e-03  5.0947159e-04   2.63e-03  3.938e-05     0.0     237       0
   363  2.7282518e-03  4.8388383e-04   2.63e-03  3.695e-05     0.0     237       0
   364  2.7229786e-03  6.1131715e-04   2.62e-03  5.652e-05     0.0     237       0
   365  2.7241861e-03  1.4124358e-03   2.62e-03  1.087e-04    -0.3     237       0
   366  2.7240353e-03  9.7892952e-04   2.62e-03  1.073e-04     0.0     237       0
   367  2.7212371e-03  4.9507887e-04   2.62e-03  3.766e-05     0.0     237       0
   368  2.7211118e-03  4.7377822e-04   2.62e-03  3.621e-05     0.0     237       0  1.0302863e+01
   369  2.7179371e-03  5.3104602e-04   2.62e-03  4.155e-05     0.0     237       0
   370  2.7192388e-03  1.5643539e-03   2.62e-03  1.471e-04    -0.3     237       0
   371  2.7144903e-03  1.1470979e-03   2.61e-03  8.819e-05    -0.3     237       0
   372  2.7133216e-03  7.1634379e-04   2.61e-03  6.344e-05     0.0     237       0
   373  2.7128096e-03  6.2044198e-04   2.61e-03  4.733e-05     0.0     237       0
   374  2.7125001e-03  5.4289194e-04   2.61e-03  4.247e-05     0.0     237       0
   375  2.7118740e-03  6.1831441e-04   2.61e-03  4.627e-05     0.0     237       0
   376  2.7123395e-03  7.9345058e-04   2.61e-03  8.021e-05    -0.3     237       0
   377  2.7117151e-03  9.5722775e-04   2.61e-03  7.195e-05     0.0     237       0
   378  2.7108904e-03  4.7551149e-04   2.61e-03  3.644e-05     0.0     237       0
   379  2.7107607e-03  4.6609117e-04   2.61e-03  3.492e-05     0.0     237       0  1.0505551e+01
   380  2.7071268e-03  4.9601265e-04   2.61e-03  3.852e-05     0.0     237       0
   381  2.7072500e-03  1.2210281e-03   2.61e-03  9.058e-05    -0.3     237       0  1.0583480e+01
   382  2.7055644e-03  5.0316777e-04   2.61e-03  3.940e-05    -0.3     237       0
   383  2.7054224e-03  4.7312004e-04   2.61e-03  3.471e-05     0.0     237       0
   384  2.7049697e-03  4.7796881e-04   2.60e-03  3.538e-05     0.0     237       0
   385  2.6905556e-03  3.0063348e-03   2.59e-03  2.225e-04    -0.3     239       0
   386  2.6881276e-03  1.7891613e-03   2.59e-03  2.083e-04    -0.3     239       0
   387  2.6723915e-03  4.6622576e-04   2.57e-03  3.427e-05     0.0     239       0
   388  2.6722777e-03  4.6182470e-04   2.57e-03  3.399e-05     0.0     239       0  1.0785722e+01
   389  2.6385495e-03  7.4644541e-04   2.54e-03  5.333e-05     0.0     242       0
   390  2.6540007e-03  2.1308266e-03   2.55e-03  2.182e-04    -0.3     243       0
   391  2.6387422e-03  1.2503222e-03   2.54e-03  9.739e-05     0.0     243       0
   392  2.6362824e-03  7.8574353e-04   2.54e-03  7.571e-05     0.0     243       0
   393  2.6357444e-03  9.6225639e-04   2.54e-03  6.953e-05     0.0     243       0
   394  2.6348909e-03  4.6467433e-04   2.53e-03  3.450e-05     0.0     243       0
   395  2.6347692e-03  4.5934186e-04   2.53e-03  3.331e-05     0.0     243       0  1.0986218e+01
   396  2.6328391e-03  4.8054514e-04   2.53e-03  3.558e-05     0.0     243       0
   397  2.6334601e-03  1.5967283e-03   2.53e-03  1.158e-04    -0.3     243       0
   398  2.6305889e-03  6.5225643e-04   2.53e-03  5.427e-05    -0.3     243       0
   399  2.6301763e-03  5.3388356e-04   2.53e-03  3.883e-05     0.0     243       0
   400  2.6299271e-03  4.9625280e-04   2.53e-03  3.640e-05     0.0     243       0
   401  2.6290713e-03  5.7244398e-04   2.53e-03  4.189e-05     0.0     243       0
   402  2.6301152e-03  1.0310794e-03   2.53e-03  9.939e-05    -0.3     243       0
   403  2.6289542e-03  1.1348141e-03   2.53e-03  8.008e-05    -0.3     243       0
   404  2.6275163e-03  4.8619690e-04   2.53e-03  3.576e-05     0.0     243       0
   405  2.6273901e-03  4.7378953e-04   2.53e-03  3.388e-05     0.0     243       0  1.1182244e+01
   406  2.6263900e-03  4.9052330e-04   2.53e-03  3.591e-05     0.0     243       0
   407  2.6253533e-03  9.8786108e-04   2.53e-03  7.021e-05    -0.3     243       0
   408  2.6245020e-03  6.0528016e-04   2.52e-03  4.942e-05    -0.3     243       0
   409  2.6241700e-03  6.1068822e-04   2.52e-03  4.213e-05     0.0     243       0
   410  2.6239510e-03  4.8725553e-04   2.52e-03  3.560e-05     0.0     243       0
   411  2.6237602e-03  4.9798805e-04   2.52e-03  3.489e-05     0.0     243       0
   412  2.6231239e-03  6.0247153e-04   2.52e-03  4.997e-05     0.0     243       0
   413  2.6228386e-03  6.1166493e-04   2.52e-03  4.320e-05    -0.3     243       0
   414  2.6226495e-03  4.8411129e-04   2.52e-03  3.530e-05     0.0     243       0
   415  2.6224341e-03  5.0966530e-04   2.52e-03  3.586e-05     0.0     243       0
   416  2.6217893e-03  7.1452222e-04   2.52e-03  6.368e-05     0.0     243       0
   417  2.6211471e-03  5.9430938e-04   2.52e-03  4.177e-05    -0.3     243       0
   418  2.6209836e-03  4.7078004e-04   2.52e-03  3.349e-05     0.0     243       0
   419  2.6207534e-03  4.7587988e-04   2.52e-03  3.343e-05     0.0     243       0
   420  2.6162859e-03  1.5143788e-03   2.52e-03  1.606e-04     0.0     243       0
   421  2.6092693e-03  1.2633277e-03   2.51e-03  8.938e-05    -0.3     243       0
   422  2.6075427e-03  4.6909819e-04   2.51e-03  3.325e-05     0.0     243       0
   423  2.6074332e-03  4.6620915e-04   2.51e-03  3.290e-05     0.0     243       0  1.1380973e+01
   424  2.5694003e-03  1.2008153e-03   2.47e-03  9.904e-05     0.0     244       0
   425  2.5777085e-03  2.3468002e-03   2.48e-03  1.915e-04    -0.3     244       0
   426  2.5759587e-03  1.8749269e-03   2.48e-03  1.911e-04     0.0     244       0
   427  2.5623648e-03  7.9864089e-04   2.46e-03  5.244e-05    -0.3     244       0
   428  2.5618946e-03  5.7019957e-04   2.46e-03  3.899e-05     0.0     244       0
   429  2.5616452e-03  5.0812897e-04   2.46e-03  3.478e-05     0.0     244       0
   430  2.5609722e-03  4.8293655e-04   2.46e-03  3.606e-05     0.0     244       0
   431  2.5602697e-03  8.4559915e-04   2.46e-03  5.528e-05     0.0     244       0
   432  2.5592867e-03  5.9187176e-04   2.46e-03  4.730e-05    -0.3     244       0
   433  2.5591524e-03  8.0044778e-04   2.46e-03  5.521e-05     0.0     244       0
   434  2.5587261e-03  4.9816105e-04   2.46e-03  3.716e-05     0.0     244       0
   435  2.5585825e-03  4.6305452e-04   2.46e-03  3.196e-05     0.0     244       0
   436  2.5583066e-03  4.6360307e-04   2.46e-03  3.296e-05     0.0     244       0
   437  2.5572981e-03  1.4184849e-03   2.46e-03  9.891e-05    -0.3     244       0
   438  2.5553208e-03  7.1598220e-04   2.46e-03  6.356e-05    -0.3     244       0
   439  2.5546199e-03  4.5441396e-04   2.45e-03  3.158e-05     0.0     244       0
   440  2.5545117e-03  4.4612080e-04   2.45e-03  3.102e-05     0.0     244       0  1.1583079e+01
   441  2.5374991e-03  7.0152920e-04   2.44e-03  4.715e-05     0.0     244       0
   442  2.5413281e-03  1.2487969e-03   2.44e-03  1.280e-04    -0.3     244       0
   443  2.5468615e-03  2.4995454e-03   2.45e-03  1.723e-04     0.0     244       0
   444  2.5357831e-03  4.9940110e-04   2.44e-03  3.773e-05     0.0     244       0
   445  2.5356389e-03  4.7892015e-04   2.44e-03  3.404e-05     0.0     244       0
   446  2.5352836e-03  4.5191673e-04   2.44e-03  3.117e-05     0.0     244       0
   447  2.5323292e-03  5.4652683e-04   2.43e-03  3.791e-05     0.0     244       0
   448  2.5333213e-03  1.0067366e-03   2.43e-03  9.650e-05    -0.3     244       0
   449  2.5307690e-03  8.2359073e-04   2.43e-03  6.016e-05    -0.3     244       0
   450  2.5301917e-03  5.6240546e-04   2.43e-03  4.247e-05     0.0     244       0
   451  2.5297579e-03  5.4421358e-04   2.43e-03  3.932e-05     0.0     244       0
   452  2.5290736e-03  5.3651123e-04   2.43e-03  4.098e-05     0.0     244       0
   453  2.5293595e-03  1.0107890e-03   2.43e-03  6.926e-05    -0.3     244       0
   454  2.5288914e-03  6.9714732e-04   2.43e-03  6.019e-05     0.0     244       0
   455  2.5282760e-03  4.6924565e-04   2.43e-03  3.207e-05     0.0     244       0
   456  2.5281687e-03  4.4860712e-04   2.43e-03  3.082e-05     0.0     244       0  1.1782272e+01
   457  2.5255518e-03  5.1942129e-04   2.43e-03  3.523e-05     0.0     244       0
   458  2.5271986e-03  1.1217391e-03   2.43e-03  1.073e-04    -0.3     244       0
   459  2.5236725e-03  5.2682176e-04   2.42e-03  3.509e-05    -0.3     244       0
   460  2.5235522e-03  4.5962385e-04   2.42e-03  3.108e-05     0.0     244       0  1.1979066e+01
   461  2.5232380e-03  4.5764296e-04   2.42e-03  3.049e-05     0.0     244       0
   462  2.4956814e-03  9.5443986e-04   2.40e-03  8.860e-05     0.0     248       0
   463  2.5061497e-03  2.7813324e-03   2.41e-03  1.864e-04    -0.3     248       0
   464  2.4929392e-03  4.7200983e-04   2.39e-03  3.344e-05     0.0     248       0
   465  2.4928318e-03  4.5038392e-04   2.39e-03  3.035e-05     0.0     248       0  1.2175622e+01
   466  2.4924039e-03  4.5296231e-04   2.39e-03  2.985e-05     0.0     248       0
   467  2.4553771e-03  1.0678190e-03   2.36e-03  7.862e-05     0.0     250       0
   468  2.4623080e-03  1.5868100e-03   2.36e-03  1.489e-04    -0.3     250       0
   469  2.4549436e-03  9.8497800e-04   2.35e-03  6.190e-05     0.0     250       0
   470  2.4539063e-03  5.4212315e-04   2.35e-03  3.621e-05     0.0     250       0
   471  2.4537855e-03  5.0296750e-04   2.35e-03  3.330e-05     0.0     250       0  1.2349058e+01
   472  2.4529094e-03  5.7984316e-04   2.35e-03  4.240e-05     0.0     250       0
   473  2.4532775e-03  1.1533043e-03   2.35e-03  7.774e-05    -0.3     250       0
   474  2.4530628e-03  1.1983345e-03   2.35e-03  1.019e-04     0.0     250       0
   475  2.4521218e-03  1.1387606e-03   2.35e-03  7.451e-05     0.0     250       0
   476  2.4513527e-03  7.2728804e-04   2.35e-03  5.995e-05     0.0     250       0
   477  2.4506773e-03  4.5911940e-04   2.35e-03  2.998e-05     0.0     250       0
   478  2.4505807e-03  4.4069493e-04   2.35e-03  2.880e-05     0.0     250       0  1.2549043e+01
   479  2.4472907e-03  5.5740124e-04   2.35e-03  3.577e-05     0.0     251       0
   480  2.4482952e-03  9.7284850e-04   2.35e-03  8.497e-05    -0.3     251       0
   481  2.4476067e-03  1.3262581e-03   2.35e-03  8.635e-05    -0.3     251       0
   482  2.4458503e-03  5.3901213e-04   2.35e-03  3.911e-05     0.0     251       0
   483  2.4456924e-03  4.5416161e-04   2.35e-03  2.958e-05     0.0     251       0
   484  2.4455402e-03  4.4367813e-04   2.35e-03  2.870e-05     0.0     251       0
   485  2.4367892e-03  9.8832163e-04   2.34e-03  6.158e-05     0.0     252       0
   486  2.4380110e-03  1.0776433e-03   2.34e-03  9.602e-05    -0.3     252       0
   487  2.4359530e-03  9.9154981e-04   2.34e-03  6.442e-05     0.0     252       0
   488  2.4351978e-03  4.5044811e-04   2.34e-03  2.956e-05     0.0     252       0
   489  2.4351016e-03  4.4618064e-04   2.34e-03  2.892e-05     0.0     252       0  1.2745630e+01
   490  2.4314913e-03  6.0433510e-04   2.33e-03  3.893e-05     0.0     252       0
   491  2.4348553e-03  1.3916105e-03   2.33e-03  1.033e-04    -0.3     252       0
   492  2.4323123e-03  1.1931348e-03   2.33e-03  1.004e-04     0.0     252       0
   493  2.4320024e-03  1.4952774e-03   2.33e-03  9.497e-05     0.0     252       0
   494  2.4294936e-03  4.8595948e-04   2.33e-03  3.231e-05     0.0     252       0
   495  2.4293945e-03  4.5304785e-04   2.33e-03  2.879e-05     0.0     252       0  1.2942179e+01
   496  2.4289348e-03  4.5624461e-04   2.33e-03  2.887e-05     0.0     252       0
   497  2.4250778e-03  3.3024232e-03   2.33e-03  2.200e-04     0.0     252       0
   498  2.4158902e-03  1.6552220e-03   2.32e-03  1.516e-04    -0.3     252       0
   499  2.4084435e-03  1.4900502e-03   2.31e-03  9.274e-05     0.0     251       0
   500  2.4057542e-03  4.7166990e-04   2.31e-03  2.993e-05     0.0     251       0

 ERROR EXIT -- Too many iterations

 Products with A     :     712        Total time   (secs) :     3.8
 Products with A'    :     501        Project time (secs) :     0.2
 Newton iterations   :      17        Mat-vec time (secs) :     2.7
 Line search its     :     514        Subspace iterations :       0

