
 ==================================================================================
 SPGL1_SLIM v. 46  (Tue, 14 Jun 2011) based on v.1017
 ==================================================================================
 No. rows              :     2001      No. columns           :     2001
 Initial tau           : 0.00e+00      Two-norm of b         : 2.46e+01
 Optimality tol        : 1.00e-04      Target objective      : 1.00e-03
 Basis pursuit tol     : 1.00e-06      Maximum iterations    :      500

  Iter      Objective   Relative Gap  Rel Error      gNorm   stepG    nnzX    nnzG            tau
     0  2.4613014e+01  0.0000000e+00   1.00e+00  5.129e+01     0.0       0       0  1.1811407e+01
     1  2.3708528e+01  2.4525923e+00   1.00e+00  4.924e+01    -0.3       1       0
     2  2.2343163e+01  5.0422736e+00   1.00e+00  7.530e+01    -0.3     131       0
     3  1.7089458e+01  3.8193521e+00   1.00e+00  5.185e+01    -0.3     525       0
     4  1.1271396e+01  2.7894969e+00   1.00e+00  1.898e+01     0.0     611       0
     5  1.0012412e+01  1.6667151e+00   1.00e+00  1.400e+01     0.0     578       0
     6  9.4621233e+00  1.2738213e+00   1.00e+00  1.289e+01     0.0     489       0
     7  9.1910498e+00  8.5023458e-01   1.00e+00  1.177e+01     0.0     414       0
     8  8.9347451e+00  9.2600752e-01   1.00e+00  1.208e+01     0.0     350       0
     9  9.4619205e+00  3.7353312e+00   1.00e+00  2.293e+01     0.0     285       0
    10  8.9777937e+00  1.2792909e+00   1.00e+00  1.378e+01    -0.3     365       0
    11  8.6817377e+00  9.5059882e-01   1.00e+00  1.271e+01     0.0     369       0
    12  8.6335484e+00  5.5456687e-01   1.00e+00  1.147e+01     0.0     326       0
    13  8.6099512e+00  4.0119018e-01   1.00e+00  1.096e+01     0.0     309       0
    14  8.5238177e+00  5.9512707e-01   1.00e+00  1.147e+01     0.0     249       0
    15  8.4826910e+00  3.4548260e-01   1.00e+00  1.094e+01    -0.3     262       0
    16  8.4714703e+00  2.0675252e-01   1.00e+00  1.048e+01     0.0     251       0
    17  8.4641882e+00  2.1447055e-01   1.00e+00  1.052e+01     0.0     251       0
    18  8.4517717e+00  2.4876198e-01   1.00e+00  1.061e+01     0.0     244       0
    19  8.4515059e+00  5.8300670e-01   1.00e+00  1.168e+01    -0.3     240       0  1.7925527e+01
    20  4.8346905e+00  1.6301224e+01   1.00e+00  9.757e+00     0.0     701       0
    21  3.7097829e+00  1.1851565e+01   1.00e+00  6.610e+00     0.0    1020       0
    22  3.3124225e+00  5.9190780e+00   1.00e+00  3.222e+00     0.0     952       0
    23  3.1930948e+00  5.2177426e+00   1.00e+00  3.041e+00     0.0     938       0
    24  2.9720429e+00  5.7869253e+00   1.00e+00  3.103e+00     0.0     865       0
    25  2.9422354e+00  1.7082066e+01   1.00e+00  5.945e+00     0.0     666       0
    26  2.6934558e+00  5.5235288e+00   1.00e+00  2.923e+00    -0.3     694       0
    27  2.6585349e+00  2.7610077e+00   1.00e+00  2.310e+00     0.0     662       0
    28  2.6338858e+00  3.3796069e+00   1.00e+00  2.377e+00     0.0     651       0
    29  2.5679420e+00  6.8789733e+00   1.00e+00  2.957e+00     0.0     602       0
    30  2.5500994e+00  6.0104347e+00   1.00e+00  2.752e+00    -0.3     598       0
    31  2.5354398e+00  2.9408140e+00   1.00e+00  2.199e+00     0.0     583       0
    32  2.5214436e+00  3.7713749e+00   1.00e+00  2.325e+00     0.0     579       0
    33  2.4987501e+00  6.8792088e+00   1.00e+00  2.878e+00     0.0     555       0
    34  2.5122342e+00  1.4664920e+01   1.00e+00  4.183e+00    -0.3     544       0
    35  2.4688629e+00  4.0453563e+00   1.00e+00  2.352e+00     0.0     541       0
    36  2.4602831e+00  2.4393824e+00   1.00e+00  2.060e+00     0.0     536       0
    37  2.4520675e+00  2.1020824e+00   1.00e+00  2.002e+00     0.0     532       0
    38  2.3463832e+00  1.3254804e+01   1.00e+00  3.808e+00     0.0     438       0
    39  2.3346738e+00  9.6759909e+00   1.00e+00  3.274e+00    -0.3     460       0
    40  2.2904513e+00  8.3715668e+00   1.00e+00  2.957e+00     0.0     446       0
    41  2.2708810e+00  1.8095798e+00   1.00e+00  2.008e+00     0.0     455       0
    42  2.2672070e+00  1.7661206e+00   1.00e+00  1.990e+00     0.0     456       0
    43  2.2529861e+00  1.7813886e+00   1.00e+00  1.960e+00     0.0     446       0
    44  2.2512205e+00  1.0421958e+01   1.00e+00  3.118e+00    -0.3     440       0
    45  2.2337382e+00  1.9172383e+00   1.00e+00  1.963e+00    -0.3     441       0
    46  2.2312121e+00  1.4912552e+00   1.00e+00  1.894e+00     0.0     441       0
    47  2.2261487e+00  1.6056847e+00   1.00e+00  1.909e+00     0.0     439       0
    48  2.2271134e+00  1.5259691e+01   1.00e+00  3.732e+00     0.0     419       0
    49  2.1933704e+00  2.9176017e+00   1.00e+00  2.099e+00    -0.3     425       0
    50  2.1889366e+00  1.5728980e+00   1.00e+00  1.896e+00     0.0     422       0
    51  2.1869357e+00  1.3816749e+00   1.00e+00  1.870e+00     0.0     417       0
    52  2.1714192e+00  1.5254419e+00   1.00e+00  1.880e+00     0.0     410       0
    53  2.1650119e+00  3.7081750e+00   1.00e+00  2.189e+00    -0.3     411       0
    54  2.1840900e+00  9.3576714e+00   1.00e+00  2.902e+00    -0.3     402       0
    55  2.1665473e+00  6.7919387e+00   1.00e+00  2.611e+00     0.0     401       0
    56  2.1514502e+00  3.2957406e+00   1.00e+00  2.104e+00     0.0     397       0
    57  2.1486629e+00  1.3308788e+00   1.00e+00  1.857e+00     0.0     399       0
    58  2.1471695e+00  1.1891506e+00   1.00e+00  1.837e+00     0.0     399       0
    59  2.1204808e+00  1.9688682e+00   1.00e+00  1.946e+00     0.0     387       0
    60  2.1219838e+00  5.0914921e+00   1.00e+00  2.313e+00    -0.3     387       0
    61  2.1279805e+00  6.8602973e+00   1.00e+00  2.584e+00     0.0     386       0
    62  2.1122714e+00  3.6601136e+00   1.00e+00  2.132e+00     0.0     385       0
    63  2.1092414e+00  1.1836271e+00   1.00e+00  1.835e+00     0.0     385       0
    64  2.1082392e+00  1.0315647e+00   1.00e+00  1.814e+00     0.0     385       0
    65  2.0995280e+00  9.9942863e-01   1.00e+00  1.814e+00     0.0     380       0
    66  2.1029496e+00  9.4536985e+00   1.00e+00  2.815e+00    -0.3     381       0
    67  2.0877308e+00  2.9328681e+00   1.00e+00  2.062e+00    -0.3     382       0
    68  2.0846692e+00  1.9599820e+00   1.00e+00  1.928e+00     0.0     381       0
    69  2.0833195e+00  1.4629701e+00   1.00e+00  1.871e+00     0.0     380       0
    70  2.0799686e+00  1.5781288e+00   1.00e+00  1.882e+00     0.0     375       0
    71  2.0819744e+00  7.4242593e+00   1.00e+00  2.602e+00    -0.3     366       0
    72  2.0726216e+00  1.6248527e+00   1.00e+00  1.879e+00    -0.3     367       0
    73  2.0714997e+00  1.3180464e+00   1.00e+00  1.843e+00     0.0     365       0
    74  2.0691487e+00  1.3427345e+00   1.00e+00  1.844e+00     0.0     363       0
    75  2.0672585e+00  4.6694279e+00   1.00e+00  2.252e+00    -0.3     359       0
    76  2.0636246e+00  1.4221010e+00   1.00e+00  1.849e+00    -0.3     358       0
    77  2.0627860e+00  1.0080725e+00   1.00e+00  1.802e+00     0.0     358       0
    78  2.0610131e+00  1.0982729e+00   1.00e+00  1.811e+00     0.0     356       0
    79  2.0576729e+00  6.7407263e+00   1.00e+00  2.497e+00    -0.3     351       0
    80  2.0575552e+00  7.6525862e+00   1.00e+00  2.563e+00    -0.3     351       0
    81  2.0496296e+00  1.2563448e+00   1.00e+00  1.833e+00     0.0     351       0
    82  2.0488046e+00  9.2102623e-01   1.00e+00  1.788e+00     0.0     350       0
    83  2.0476544e+00  8.6457399e-01   1.00e+00  1.782e+00     0.0     349       0
    84  2.0262674e+00  7.5490885e+00   1.00e+00  2.537e+00     0.0     329       0
    85  2.0273435e+00  6.2325963e+00   1.00e+00  2.435e+00    -0.3     332       0
    86  2.0157050e+00  2.0977213e+00   1.00e+00  1.920e+00     0.0     330       0
    87  2.0140558e+00  1.0565613e+00   1.00e+00  1.808e+00     0.0     328       0
    88  2.0134150e+00  9.1171349e-01   1.00e+00  1.791e+00     0.0     327       0
    89  2.0098966e+00  1.9846285e+00   1.00e+00  1.915e+00     0.0     324       0
    90  2.0086848e+00  1.8922748e+00   1.00e+00  1.892e+00    -0.3     324       0
    91  2.0100945e+00  4.9819052e+00   1.00e+00  2.261e+00     0.0     324       0
    92  2.0075694e+00  3.1853560e+00   1.00e+00  2.034e+00     0.0     323       0
    93  2.0059997e+00  1.0105437e+00   1.00e+00  1.799e+00     0.0     323       0
    94  2.0055951e+00  7.7096921e-01   1.00e+00  1.770e+00     0.0     323       0
    95  2.0026986e+00  7.7616151e-01   1.00e+00  1.771e+00     0.0     321       0
    96  2.0014878e+00  5.7090740e+00   1.00e+00  2.296e+00    -0.3     320       0
    97  1.9974828e+00  1.9299433e+00   9.99e-01  1.902e+00    -0.3     320       0
    98  1.9965222e+00  1.1837216e+00   9.99e-01  1.810e+00     0.0     320       0
    99  1.9959587e+00  8.5719377e-01   9.99e-01  1.776e+00     0.0     320       0
   100  1.9940411e+00  1.0536900e+00   9.99e-01  1.795e+00     0.0     321       0
   101  1.9933292e+00  2.2847741e+00   9.99e-01  1.936e+00    -0.3     321       0
   102  1.9940277e+00  4.3491992e+00   9.99e-01  2.148e+00     0.0     320       0
   103  1.9918797e+00  1.6226157e+00   9.99e-01  1.863e+00     0.0     321       0
   104  1.9911948e+00  6.7091105e-01   9.99e-01  1.751e+00     0.0     319       0
   105  1.9907751e+00  6.6065733e-01   9.99e-01  1.751e+00     0.0     319       0
   106  1.9806937e+00  2.0346379e+00   9.99e-01  1.891e+00     0.0     312       0
   107  1.9820439e+00  4.5317515e+00   9.99e-01  2.182e+00    -0.3     312       0
   108  1.9802265e+00  3.3274353e+00   9.99e-01  2.027e+00     0.0     312       0
   109  1.9786200e+00  8.0090236e-01   9.99e-01  1.761e+00     0.0     312       0
   110  1.9782795e+00  6.3000976e-01   9.99e-01  1.740e+00     0.0     311       0
   111  1.9768539e+00  6.7523153e-01   9.99e-01  1.746e+00     0.0     310       0
   112  1.9756224e+00  3.8238148e+00   9.99e-01  2.074e+00    -0.3     310       0
   113  1.9740665e+00  1.0438646e+00   9.99e-01  1.786e+00    -0.3     310       0
   114  1.9736251e+00  6.5667337e-01   9.99e-01  1.740e+00     0.0     310       0
   115  1.9730394e+00  6.3852494e-01   9.99e-01  1.739e+00     0.0     310       0
   116  1.9696529e+00  5.1674447e+00   9.99e-01  2.209e+00     0.0     305       0
   117  1.9682701e+00  3.1204590e+00   9.99e-01  2.015e+00    -0.3     305       0
   118  1.9663183e+00  9.2065555e-01   9.99e-01  1.763e+00     0.0     305       0
   119  1.9659952e+00  6.1561244e-01   9.99e-01  1.731e+00     0.0     305       0
   120  1.9650996e+00  5.8173898e-01   9.99e-01  1.727e+00     0.0     305       0
   121  1.9530583e+00  1.1436195e+01   9.99e-01  2.925e+00    -0.3     282       0
   122  1.9391841e+00  2.3493780e+00   9.99e-01  1.932e+00    -0.3     294       0
   123  1.9319592e+00  1.1787873e+00   9.99e-01  1.810e+00     0.0     284       0
   124  1.9306923e+00  9.5917391e-01   9.99e-01  1.777e+00     0.0     284       0
   125  1.9299014e+00  9.1141346e-01   9.99e-01  1.769e+00     0.0     284       0
   126  1.9289196e+00  1.4951150e+00   9.99e-01  1.820e+00     0.0     284       0
   127  1.9297609e+00  3.8405248e+00   9.99e-01  2.076e+00    -0.3     282       0
   128  1.9283815e+00  2.2078692e+00   9.99e-01  1.890e+00     0.0     281       0
   129  1.9276079e+00  6.8554011e-01   9.99e-01  1.738e+00     0.0     281       0
   130  1.9274096e+00  5.2273340e-01   9.99e-01  1.720e+00     0.0     281       0
   131  1.9259682e+00  4.8885791e-01   9.99e-01  1.716e+00     0.0     280       0
   132  1.9249729e+00  2.9176211e+00   9.99e-01  1.950e+00    -0.3     279       0
   133  1.9234987e+00  1.1088037e+00   9.99e-01  1.779e+00    -0.3     278       0
   134  1.9230799e+00  8.1196560e-01   9.99e-01  1.743e+00     0.0     278       0
   135  1.9228183e+00  5.8109880e-01   9.99e-01  1.721e+00     0.0     278       0
   136  1.9220154e+00  7.5688906e-01   9.99e-01  1.737e+00     0.0     278       0
   137  1.9216467e+00  1.7031520e+00   9.99e-01  1.839e+00    -0.3     278       0
   138  1.9224500e+00  3.7929658e+00   9.99e-01  2.039e+00     0.0     277       0
   139  1.9209909e+00  1.4159537e+00   9.99e-01  1.810e+00     0.0     277       0
   140  1.9205160e+00  5.1872941e-01   9.99e-01  1.711e+00     0.0     277       0
   141  1.9203292e+00  4.9974688e-01   9.99e-01  1.710e+00     0.0     277       0
   142  1.9172418e+00  5.0804053e-01   9.99e-01  1.710e+00     0.0     276       0
   143  1.9172361e+00  2.0536737e+00   9.99e-01  1.855e+00    -0.3     276       0  1.9906086e+01
   144  1.7119553e+00  5.9318254e+01   9.99e-01  3.300e+00     0.0     645       0
   145  1.3609272e+00  4.5251037e+01   9.99e-01  3.139e+00     0.0     846       0
   146  9.9030938e-01  1.7527569e+01   9.89e-01  9.789e-01     0.0     727       0
   147  9.5116711e-01  1.0041029e+01   9.50e-01  6.917e-01     0.0     761       0
   148  9.0165204e-01  7.4654400e+00   9.01e-01  5.692e-01     0.0     745       0
   149  8.0303692e-01  1.1316898e+01   8.02e-01  9.610e-01     0.0     664       0
   150  7.6977660e-01  6.5059381e+00   7.69e-01  6.032e-01    -0.3     661       0
   151  7.5425871e-01  3.0582034e+00   7.53e-01  4.294e-01     0.0     663       0
   152  7.4471600e-01  4.1182484e+00   7.44e-01  4.479e-01     0.0     660       0
   153  7.3209980e-01  4.4378228e+00   7.31e-01  4.682e-01     0.0     650       0
   154  7.4709523e-01  1.9694425e+01   7.46e-01  1.161e+00     0.0     641       0
   155  7.0803692e-01  3.4996916e+00   7.07e-01  4.196e-01    -0.3     624       0
   156  7.0328796e-01  2.7439169e+00   7.02e-01  3.673e-01     0.0     624       0
   157  6.9589321e-01  2.5781852e+00   6.95e-01  3.640e-01     0.0     614       0
   158  6.5743137e-01  1.3846354e+01   6.56e-01  9.772e-01     0.0     556       0
   159  6.4013089e-01  7.0134948e+00   6.39e-01  6.774e-01    -0.3     557       0
   160  6.3029341e-01  3.3585634e+00   6.29e-01  4.589e-01     0.0     552       0
   161  6.2756642e-01  1.8294515e+00   6.27e-01  3.805e-01     0.0     551       0
   162  6.2339089e-01  1.8927093e+00   6.22e-01  3.690e-01     0.0     548       0
   163  6.1059404e-01  9.6832847e+00   6.10e-01  7.508e-01     0.0     530       0
   164  6.1507821e-01  1.4341634e+01   6.14e-01  9.501e-01    -0.3     529       0
   165  5.9782422e-01  2.6123622e+00   5.97e-01  3.888e-01     0.0     527       0
   166  5.9554859e-01  1.7204397e+00   5.95e-01  3.404e-01     0.0     526       0
   167  5.9403733e-01  1.6340095e+00   5.93e-01  3.384e-01     0.0     525       0
   168  5.7384841e-01  2.2049233e+00   5.73e-01  3.951e-01     0.0     500       0
   169  5.8643434e-01  1.0975866e+01   5.85e-01  8.193e-01    -0.3     497       0
   170  5.6824014e-01  4.0477249e+00   5.67e-01  4.619e-01    -0.3     495       0
   171  5.6510195e-01  2.3808277e+00   5.64e-01  3.864e-01     0.0     493       0
   172  5.6379371e-01  1.4065842e+00   5.63e-01  3.366e-01     0.0     490       0
   173  5.6172633e-01  1.6596725e+00   5.61e-01  3.509e-01     0.0     486       0
   174  5.6321800e-01  9.4211337e+00   5.62e-01  7.348e-01     0.0     478       0
   175  5.5331630e-01  1.4818798e+00   5.52e-01  3.428e-01    -0.3     477       0
   176  5.5235456e-01  1.4392004e+00   5.51e-01  3.391e-01     0.0     476       0
   177  5.5057497e-01  1.3674028e+00   5.50e-01  3.349e-01     0.0     475       0
   178  5.4717601e-01  1.0878526e+01   5.46e-01  8.175e-01     0.0     458       0
   179  5.3647140e-01  5.1908324e+00   5.35e-01  5.370e-01    -0.3     458       0
   180  5.3183181e-01  1.1951418e+00   5.31e-01  3.313e-01     0.0     456       0
   181  5.3120497e-01  9.9894384e-01   5.30e-01  3.208e-01     0.0     456       0
   182  5.2948234e-01  1.1010728e+00   5.28e-01  3.234e-01     0.0     453       0
   183  5.1877752e-01  7.9326435e+00   5.18e-01  6.881e-01     0.0     428       0
   184  5.1120213e-01  3.7668845e+00   5.10e-01  4.629e-01    -0.3     427       0
   185  5.0781677e-01  1.3119540e+00   5.07e-01  3.407e-01     0.0     426       0
   186  5.0713142e-01  1.1838927e+00   5.06e-01  3.318e-01     0.0     426       0
   187  5.0586884e-01  1.0773337e+00   5.05e-01  3.236e-01     0.0     425       0
   188  5.0310482e-01  3.9919248e+00   5.02e-01  4.666e-01     0.0     421       0
   189  5.0231552e-01  3.5064680e+00   5.01e-01  4.453e-01    -0.3     420       0
   190  5.0037725e-01  1.2080828e+00   4.99e-01  3.263e-01     0.0     420       0
   191  4.9998989e-01  9.6705966e-01   4.99e-01  3.146e-01     0.0     420       0
   192  4.9870635e-01  1.0334052e+00   4.98e-01  3.177e-01     0.0     418       0
   193  4.9479129e-01  5.5591219e+00   4.94e-01  5.591e-01    -0.3     415       0
   194  4.9288067e-01  4.2175201e+00   4.92e-01  4.797e-01    -0.3     415       0
   195  4.9037211e-01  8.7678001e-01   4.89e-01  3.152e-01     0.0     415       0
   196  4.9000093e-01  8.7973800e-01   4.89e-01  3.143e-01     0.0     415       0
   197  4.8859293e-01  8.4696558e-01   4.88e-01  3.108e-01     0.0     415       0
   198  4.8706056e-01  4.1608859e+00   4.86e-01  4.725e-01    -0.3     414       0
   199  4.8525272e-01  1.2442410e+00   4.84e-01  3.303e-01    -0.3     412       0
   200  4.8480394e-01  9.3238060e-01   4.84e-01  3.132e-01     0.0     412       0
   201  4.8430908e-01  8.8346077e-01   4.83e-01  3.105e-01     0.0     412       0
   202  4.7748425e-01  4.2855977e+00   4.76e-01  4.737e-01     0.0     405       0
   203  4.7658964e-01  3.7338965e+00   4.76e-01  4.524e-01    -0.3     404       0
   204  4.7444362e-01  9.9890784e-01   4.73e-01  3.112e-01     0.0     404       0
   205  4.7415420e-01  9.0399909e-01   4.73e-01  3.069e-01     0.0     404       0
   206  4.7332436e-01  8.5002322e-01   4.72e-01  3.048e-01     0.0     404       0
   207  4.7047351e-01  9.3710038e+00   4.69e-01  7.465e-01    -0.3     389       0
   208  4.6458472e-01  5.9469987e+00   4.64e-01  5.631e-01    -0.3     388       0
   209  4.5917471e-01  9.4463902e-01   4.58e-01  3.162e-01     0.0     388       0
   210  4.5879832e-01  5.8955900e-01   4.58e-01  2.972e-01     0.0     389       0
   211  4.5828679e-01  6.5159514e-01   4.57e-01  2.994e-01     0.0     386       0
   212  4.5483821e-01  2.6945843e+00   4.54e-01  3.892e-01     0.0     379       0
   213  4.5566238e-01  4.4241769e+00   4.55e-01  4.842e-01    -0.3     380       0
   214  4.5322090e-01  1.5401150e+00   4.52e-01  3.336e-01     0.0     380       0
   215  4.5283632e-01  8.0746105e-01   4.52e-01  2.983e-01     0.0     380       0
   216  4.5256835e-01  7.7348475e-01   4.52e-01  2.969e-01     0.0     380       0
   217  4.4805266e-01  1.4737385e+00   4.47e-01  3.429e-01     0.0     379       0
   218  4.4989757e-01  5.4996178e+00   4.49e-01  5.314e-01    -0.3     379       0
   219  4.4801409e-01  3.1810747e+00   4.47e-01  4.256e-01     0.0     379       0
   220  4.4627758e-01  6.6215826e-01   4.45e-01  2.950e-01     0.0     379       0
   221  4.4609267e-01  5.7350338e-01   4.45e-01  2.905e-01     0.0     379       0
   222  4.4526370e-01  6.8548092e-01   4.44e-01  2.955e-01     0.0     379       0
   223  4.4293498e-01  5.9848302e+00   4.42e-01  5.536e-01    -0.3     376       0
   224  4.4518992e-01  6.4408693e+00   4.44e-01  5.789e-01    -0.3     376       0
   225  4.3829875e-01  1.1431238e+00   4.37e-01  3.175e-01     0.0     376       0
   226  4.3782706e-01  7.1598380e-01   4.37e-01  2.943e-01     0.0     376       0
   227  4.3763861e-01  6.8010077e-01   4.37e-01  2.925e-01     0.0     376       0
   228  4.3411869e-01  1.0570734e+00   4.33e-01  3.126e-01     0.0     372       0
   229  4.3444319e-01  2.1000760e+00   4.33e-01  3.641e-01    -0.3     371       0
   230  4.3471332e-01  2.1600454e+00   4.34e-01  3.663e-01     0.0     368       0
   231  4.3272212e-01  1.5897110e+00   4.32e-01  3.388e-01     0.0     371       0
   232  4.3221237e-01  5.6549550e-01   4.31e-01  2.857e-01     0.0     370       0
   233  4.3200104e-01  5.4904032e-01   4.31e-01  2.853e-01     0.0     370       0
   234  4.3105488e-01  1.2266349e+00   4.30e-01  3.182e-01     0.0     370       0
   235  4.3123485e-01  2.4146964e+00   4.30e-01  3.800e-01    -0.3     370       0
   236  4.3053154e-01  1.2489144e+00   4.30e-01  3.187e-01     0.0     369       0
   237  4.3025683e-01  5.3625405e-01   4.29e-01  2.839e-01     0.0     369       0
   238  4.3010217e-01  5.4184716e-01   4.29e-01  2.841e-01     0.0     368       0
   239  4.2626788e-01  1.3534406e+00   4.25e-01  3.266e-01     0.0     363       0
   240  4.2727663e-01  3.6053894e+00   4.26e-01  4.339e-01    -0.3     363       0
   241  4.2572054e-01  1.1544427e+00   4.25e-01  3.152e-01     0.0     363       0
   242  4.2543343e-01  4.9210956e-01   4.24e-01  2.808e-01     0.0     363       0
   243  4.2529174e-01  5.0339137e-01   4.24e-01  2.814e-01     0.0     363       0
   244  4.2179930e-01  1.1194241e+00   4.21e-01  3.136e-01     0.0     358       0
   245  4.2382169e-01  5.0364147e+00   4.23e-01  5.042e-01    -0.3     359       0
   246  4.2213211e-01  2.4148542e+00   4.21e-01  3.765e-01     0.0     359       0
   247  4.2080225e-01  7.9213993e-01   4.20e-01  2.955e-01     0.0     359       0
   248  4.2064585e-01  4.9471218e-01   4.20e-01  2.800e-01     0.0     359       0
   249  4.2041249e-01  5.0920072e-01   4.19e-01  2.811e-01     0.0     359       0
   250  4.1512929e-01  4.9431022e+00   4.14e-01  4.969e-01     0.0     355       0
   251  4.1154604e-01  2.3542986e+00   4.11e-01  3.747e-01    -0.3     355       0
   252  4.0998114e-01  4.6187408e-01   4.09e-01  2.752e-01     0.0     355       0
   253  4.0982200e-01  4.5081413e-01   4.09e-01  2.747e-01     0.0     355       0
   254  4.0955775e-01  4.4936986e-01   4.09e-01  2.740e-01     0.0     355       0
   255  4.0792062e-01  7.1988060e-01   4.07e-01  2.864e-01     0.0     354       0
   256  4.0878268e-01  3.3055126e+00   4.08e-01  4.130e-01    -0.3     353       0
   257  4.0727871e-01  6.8272507e-01   4.06e-01  2.858e-01    -0.3     353       0
   258  4.0710370e-01  4.2284561e-01   4.06e-01  2.719e-01     0.0     352       0
   259  4.0696557e-01  4.2350896e-01   4.06e-01  2.721e-01     0.0     352       0
   260  4.0488701e-01  1.2112263e+00   4.04e-01  3.099e-01     0.0     347       0
   261  4.0656489e-01  4.0513111e+00   4.06e-01  4.562e-01    -0.3     347       0
   262  4.0465531e-01  1.6536057e+00   4.04e-01  3.310e-01     0.0     347       0
   263  4.0415728e-01  4.0687727e-01   4.03e-01  2.701e-01     0.0     347       0
   264  4.0406455e-01  3.9231988e-01   4.03e-01  2.693e-01     0.0     347       0
   265  4.0305202e-01  6.2657893e-01   4.02e-01  2.819e-01     0.0     347       0
   266  4.0299774e-01  2.1248940e+00   4.02e-01  3.515e-01    -0.3     348       0
   267  4.0318857e-01  2.1825187e+00   4.02e-01  3.639e-01    -0.3     347       0
   268  4.0211363e-01  9.8930592e-01   4.01e-01  2.985e-01     0.0     348       0
   269  4.0192610e-01  4.5611594e-01   4.01e-01  2.723e-01     0.0     348       0
   270  4.0182267e-01  4.2688922e-01   4.01e-01  2.706e-01     0.0     348       0
   271  3.9631536e-01  1.5857889e+00   3.95e-01  3.303e-01     0.0     342       0
   272  4.0018718e-01  5.7822354e+00   3.99e-01  5.346e-01    -0.3     344       0
   273  3.9578671e-01  1.5683778e+00   3.95e-01  3.299e-01     0.0     344       0
   274  3.9512593e-01  4.7045190e-01   3.94e-01  2.722e-01     0.0     344       0
   275  3.9500871e-01  4.0576436e-01   3.94e-01  2.689e-01     0.0     344       0
   276  3.9452052e-01  4.6945612e-01   3.94e-01  2.713e-01     0.0     344       0
   277  3.9453392e-01  2.5560067e+00   3.94e-01  3.695e-01    -0.3     341       0  2.0326331e+01
   278  3.6866180e-01  1.3209559e+01   3.68e-01  4.867e-01    -0.3     348       0
   279  3.0927603e-01  5.0524614e+00   3.08e-01  3.725e-01     0.0     344       0
   280  2.6582617e-01  3.0932000e+00   2.65e-01  1.724e-01     0.0     346       0
   281  2.5875375e-01  2.2732970e+00   2.58e-01  1.474e-01     0.0     346       0
   282  2.5100292e-01  1.6509446e+00   2.50e-01  1.237e-01     0.0     346       0
   283  2.3485927e-01  1.9528352e+00   2.34e-01  1.534e-01     0.0     364       0
   284  2.3268635e-01  2.2367735e+00   2.32e-01  1.616e-01    -0.3     366       0
   285  2.3052246e-01  1.5676361e+00   2.30e-01  1.263e-01     0.0     366       0
   286  2.2891616e-01  1.4698983e+00   2.28e-01  1.208e-01     0.0     367       0
   287  2.2730620e-01  1.5718789e+00   2.26e-01  1.261e-01     0.0     366       0
   288  2.2618616e-01  2.4193307e+00   2.25e-01  1.683e-01     0.0     368       0
   289  2.2548722e-01  2.7455354e+00   2.24e-01  1.845e-01     0.0     367       0
   290  2.2313386e-01  1.1504605e+00   2.22e-01  1.065e-01     0.0     369       0
   291  2.2240039e-01  7.5869863e-01   2.21e-01  8.709e-02     0.0     370       0
   292  2.2076726e-01  7.8852099e-01   2.20e-01  8.913e-02     0.0     371       0
   293  2.1694511e-01  4.9961181e+00   2.16e-01  3.233e-01    -0.3     379       0
   294  2.0916483e-01  1.7118531e+00   2.08e-01  1.581e-01    -0.3     377       0
   295  2.0704391e-01  6.3944769e-01   2.06e-01  1.001e-01     0.0     378       0
   296  2.0635494e-01  4.1310783e-01   2.05e-01  8.517e-02     0.0     376       0
   297  2.0505943e-01  5.9413901e-01   2.04e-01  8.705e-02     0.0     375       0
   298  2.0544615e-01  3.2019418e+00   2.04e-01  2.103e-01     0.0     372       0
   299  2.0211857e-01  6.0412318e-01   2.01e-01  8.369e-02    -0.3     373       0
   300  2.0173319e-01  4.6624680e-01   2.01e-01  7.526e-02     0.0     373       0
   301  2.0121754e-01  5.2494695e-01   2.00e-01  7.784e-02     0.0     375       0
   302  1.9948021e-01  2.1908659e+00   1.98e-01  1.629e-01     0.0     374       0
   303  2.0037230e-01  3.1378461e+00   1.99e-01  2.110e-01    -0.3     378       0
   304  1.9723149e-01  5.0597814e-01   1.96e-01  7.809e-02     0.0     376       0
   305  1.9697691e-01  3.6155300e-01   1.96e-01  7.118e-02     0.0     378       0
   306  1.9647534e-01  3.8920640e-01   1.95e-01  7.235e-02     0.0     379       0
   307  1.9243287e-01  4.7039045e+00   1.91e-01  3.004e-01     0.0     365       0
   308  1.8937975e-01  3.4605537e+00   1.88e-01  2.282e-01    -0.3     369       0
   309  1.8467475e-01  5.3366135e-01   1.84e-01  8.769e-02     0.0     368       0
   310  1.8433949e-01  2.4466530e-01   1.83e-01  7.137e-02     0.0     368       0
   311  1.8401543e-01  2.7457066e-01   1.83e-01  7.132e-02     0.0     369       0
   312  1.8222128e-01  7.7633223e-01   1.81e-01  8.733e-02     0.0     372       0
   313  1.8356906e-01  2.7327652e+00   1.83e-01  1.919e-01    -0.3     368       0
   314  1.8136018e-01  8.5888964e-01   1.80e-01  9.635e-02    -0.3     371       0
   315  1.8087551e-01  4.2261874e-01   1.80e-01  7.553e-02     0.0     370       0
   316  1.8072594e-01  2.9663036e-01   1.80e-01  6.877e-02     0.0     371       0
   317  1.7980586e-01  2.9223428e-01   1.79e-01  6.678e-02     0.0     372       0
   318  1.7937778e-01  1.0422667e+00   1.78e-01  1.044e-01    -0.3     373       0
   319  1.8044557e-01  2.0387789e+00   1.79e-01  1.563e-01    -0.3     373       0
   320  1.7874331e-01  6.9120628e-01   1.78e-01  8.697e-02     0.0     373       0
   321  1.7848080e-01  2.6554842e-01   1.77e-01  6.619e-02     0.0     374       0
   322  1.7835257e-01  2.7988150e-01   1.77e-01  6.681e-02     0.0     374       0
   323  1.7482677e-01  7.1933818e-01   1.74e-01  9.077e-02     0.0     378       0
   324  1.7810079e-01  3.2424123e+00   1.77e-01  2.107e-01    -0.3     380       0
   325  1.7550229e-01  1.8157223e+00   1.75e-01  1.463e-01     0.0     379       0
   326  1.7393101e-01  2.8460396e-01   1.73e-01  6.774e-02     0.0     380       0
   327  1.7382418e-01  2.3326607e-01   1.73e-01  6.520e-02     0.0     380       0
   328  1.7338017e-01  2.9462696e-01   1.72e-01  6.791e-02     0.0     379       0
   329  1.7331135e-01  1.6708677e+00   1.72e-01  1.322e-01     0.0     383       0
   330  1.7037147e-01  9.1767742e-01   1.69e-01  1.033e-01    -0.3     379       0
   331  1.6937722e-01  2.9327404e-01   1.68e-01  6.672e-02     0.0     381       0
   332  1.6917195e-01  2.4406661e-01   1.68e-01  6.486e-02     0.0     381       0
   333  1.6891986e-01  2.3835584e-01   1.68e-01  6.443e-02     0.0     380       0
   334  1.6685903e-01  6.1731691e-01   1.66e-01  8.311e-02     0.0     379       0
   335  1.6692799e-01  6.2768393e-01   1.66e-01  8.503e-02    -0.3     380       0
   336  1.6638954e-01  5.4371138e-01   1.65e-01  7.973e-02     0.0     379       0
   337  1.6621810e-01  2.4016670e-01   1.65e-01  6.518e-02     0.0     379       0
   338  1.6611655e-01  2.4436931e-01   1.65e-01  6.517e-02     0.0     378       0
   339  1.6541885e-01  6.0833413e-01   1.64e-01  8.328e-02     0.0     381       0
   340  1.6543320e-01  9.2890719e-01   1.64e-01  9.796e-02    -0.3     381       0
   341  1.6512229e-01  3.9983765e-01   1.64e-01  7.292e-02     0.0     380       0
   342  1.6502837e-01  2.3579688e-01   1.64e-01  6.461e-02     0.0     380       0
   343  1.6491702e-01  2.1098672e-01   1.64e-01  6.344e-02     0.0     380       0
   344  1.6273867e-01  1.9503154e+00   1.62e-01  1.496e-01     0.0     381       0
   345  1.6417926e-01  2.7684320e+00   1.63e-01  1.935e-01    -0.3     380       0
   346  1.6126624e-01  2.8173925e-01   1.60e-01  6.872e-02     0.0     381       0
   347  1.6113755e-01  1.9603551e-01   1.60e-01  6.428e-02     0.0     381       0
   348  1.6101841e-01  2.0278710e-01   1.60e-01  6.438e-02     0.0     379       0
   349  1.6005904e-01  7.4641545e-01   1.59e-01  9.043e-02     0.0     381       0
   350  1.5995641e-01  8.9763450e-01   1.59e-01  9.678e-02    -0.3     381       0
   351  1.5966701e-01  2.2025338e-01   1.59e-01  6.420e-02     0.0     381       0
   352  1.5960886e-01  2.3025034e-01   1.59e-01  6.466e-02     0.0     381       0
   353  1.5938519e-01  2.0175374e-01   1.58e-01  6.352e-02     0.0     382       0
   354  1.5886619e-01  1.1565158e+00   1.58e-01  1.107e-01    -0.3     380       0
   355  1.5835216e-01  5.2247749e-01   1.57e-01  8.062e-02    -0.3     380       0
   356  1.5821161e-01  1.8926501e-01   1.57e-01  6.373e-02     0.0     380       0
   357  1.5815487e-01  1.6534823e-01   1.57e-01  6.247e-02     0.0     380       0
   358  1.5632980e-01  5.0962503e-01   1.55e-01  7.711e-02     0.0     378       0
   359  1.5670224e-01  1.2565675e+00   1.56e-01  1.163e-01    -0.3     377       0
   360  1.5641856e-01  1.1099908e+00   1.55e-01  1.073e-01     0.0     378       0
   361  1.5594397e-01  1.9903730e-01   1.55e-01  6.349e-02     0.0     378       0
   362  1.5589841e-01  1.8086585e-01   1.55e-01  6.258e-02     0.0     378       0
   363  1.5553717e-01  1.8176653e-01   1.55e-01  6.297e-02     0.0     377       0
   364  1.5528618e-01  1.2974353e+00   1.54e-01  1.183e-01    -0.3     377       0
   365  1.5569333e-01  1.7261944e+00   1.55e-01  1.421e-01    -0.3     376       0
   366  1.5449185e-01  2.4647621e-01   1.53e-01  6.754e-02     0.0     377       0
   367  1.5442378e-01  1.5496198e-01   1.53e-01  6.300e-02     0.0     376       0
   368  1.5431398e-01  1.8477204e-01   1.53e-01  6.420e-02     0.0     376       0
   369  1.5392023e-01  1.8696127e+00   1.53e-01  1.470e-01     0.0     376       0
   370  1.5249274e-01  4.1793212e-01   1.51e-01  7.379e-02    -0.3     377       0
   371  1.5236312e-01  1.8141637e-01   1.51e-01  6.262e-02     0.0     377       0
   372  1.5231109e-01  1.7391040e-01   1.51e-01  6.239e-02     0.0     377       0
   373  1.5188401e-01  2.3701791e-01   1.51e-01  6.711e-02     0.0     376       0
   374  1.5204650e-01  9.7604443e-01   1.51e-01  1.023e-01    -0.3     376       0
   375  1.5171893e-01  6.6695461e-01   1.51e-01  8.859e-02    -0.3     376       0
   376  1.5151630e-01  1.9337338e-01   1.51e-01  6.468e-02     0.0     376       0
   377  1.5147825e-01  1.3849451e-01   1.50e-01  6.204e-02     0.0     377       0
   378  1.5123862e-01  2.0901351e-01   1.50e-01  6.545e-02     0.0     377       0
   379  1.5115253e-01  7.0458587e-01   1.50e-01  9.083e-02    -0.3     374       0
   380  1.5088382e-01  2.7027331e-01   1.50e-01  6.859e-02    -0.3     374       0
   381  1.5083191e-01  1.2400569e-01   1.50e-01  6.155e-02     0.0     374       0
   382  1.5076546e-01  1.7096019e-01   1.50e-01  6.381e-02     0.0     374       0
   383  1.5026767e-01  6.5892617e-01   1.49e-01  8.837e-02     0.0     373       0
   384  1.5060809e-01  1.2476171e+00   1.50e-01  1.157e-01    -0.3     372       0
   385  1.5002369e-01  2.2268216e-01   1.49e-01  6.654e-02     0.0     373       0
   386  1.4998038e-01  1.4922719e-01   1.49e-01  6.279e-02     0.0     373       0
   387  1.4991662e-01  1.3167929e-01   1.49e-01  6.196e-02     0.0     373       0
   388  1.4729123e-01  1.6401131e+00   1.46e-01  1.378e-01     0.0     366       0
   389  1.4598925e-01  7.1231493e-01   1.45e-01  9.286e-02    -0.3     366       0
   390  1.4564111e-01  1.1920035e-01   1.45e-01  6.280e-02     0.0     366       0
   391  1.4559574e-01  1.0167034e-01   1.45e-01  6.185e-02     0.0     366       0
   392  1.4551230e-01  1.1826518e-01   1.45e-01  6.232e-02     0.0     366       0
   393  1.4519725e-01  2.4567542e-01   1.44e-01  6.806e-02     0.0     366       0
   394  1.4520293e-01  6.3115723e-01   1.44e-01  8.591e-02    -0.3     366       0  2.0570046e+01
   395  1.3233753e-01  1.1496021e+00   1.31e-01  5.862e-02     0.0     369       0
   396  1.2643323e-01  8.5260723e-01   1.25e-01  6.659e-02     0.0     369       0
   397  1.2239835e-01  1.2928299e+00   1.21e-01  5.949e-02     0.0     370       0
   398  1.1928919e-01  8.2514107e-01   1.18e-01  6.405e-02     0.0     372       0
   399  1.1582809e-01  7.2753982e-01   1.15e-01  3.882e-02     0.0     372       0
   400  1.1382854e-01  5.1190353e-01   1.13e-01  3.552e-02     0.0     372       0
   401  1.1122291e-01  5.3495002e-01   1.10e-01  3.099e-02     0.0     372       0
   402  1.1087264e-01  1.4483183e+00   1.10e-01  9.899e-02     0.0     376       0
   403  1.1008630e-01  2.1773272e+00   1.09e-01  9.445e-02    -0.3     376       0
   404  1.0368284e-01  3.1620651e-01   1.03e-01  2.323e-02     0.0     376       0
   405  1.0338749e-01  3.1518205e-01   1.02e-01  2.285e-02     0.0     376       0
   406  1.0114668e-01  2.5779212e-01   1.00e-01  2.370e-02     0.0     375       0
   407  1.0265228e-01  1.6262709e+00   1.02e-01  7.438e-02    -0.3     376       0
   408  1.0047434e-01  5.8465643e-01   9.95e-02  4.411e-02    -0.3     375       0
   409  9.9635079e-02  2.3571204e-01   9.86e-02  1.991e-02     0.0     376       0
   410  9.9469720e-02  2.0562573e-01   9.85e-02  1.910e-02     0.0     376       0
   411  9.8249723e-02  2.1350715e-01   9.72e-02  2.078e-02     0.0     376       0
   412  9.8145942e-02  5.9561497e-01   9.71e-02  3.476e-02    -0.3     376       0
   413  9.8296498e-02  6.9101826e-01   9.73e-02  4.939e-02    -0.3     376       0
   414  9.7307474e-02  2.1805974e-01   9.63e-02  1.936e-02     0.0     376       0
   415  9.7178360e-02  1.7225184e-01   9.62e-02  1.819e-02     0.0     376       0
   416  9.6960006e-02  1.5676484e-01   9.60e-02  1.747e-02     0.0     376       0
   417  9.5295513e-02  1.1235742e+00   9.43e-02  7.859e-02    -0.3     379       0
   418  9.6854423e-02  1.7720615e+00   9.59e-02  9.378e-02    -0.3     378       0
   419  9.3695372e-02  4.5846018e-01   9.27e-02  3.835e-02     0.0     379       0
   420  9.3241846e-02  1.0884226e-01   9.22e-02  1.840e-02     0.0     379       0
   421  9.3154456e-02  8.0100538e-02   9.22e-02  1.670e-02     0.0     379       0
   422  9.2793966e-02  1.5117233e-01   9.18e-02  1.741e-02     0.0     379       0
   423  9.2833504e-02  3.6832896e-01   9.18e-02  3.295e-02    -0.3     379       0
   424  9.2555368e-02  2.7550583e-01   9.16e-02  2.405e-02    -0.3     379       0
   425  9.2366965e-02  1.3413008e-01   9.14e-02  1.819e-02     0.0     379       0
   426  9.2315863e-02  8.5345954e-02   9.13e-02  1.545e-02     0.0     379       0
   427  9.2146670e-02  1.2433163e-01   9.11e-02  1.726e-02     0.0     379       0
   428  9.2182600e-02  1.0573584e+00   9.12e-02  5.825e-02    -0.3     376       0
   429  9.0942531e-02  2.2320820e-01   8.99e-02  2.468e-02    -0.3     376       0
   430  9.0702635e-02  9.9059951e-02   8.97e-02  1.585e-02     0.0     376       0
   431  9.0624310e-02  1.0373386e-01   8.96e-02  1.616e-02     0.0     376       0
   432  9.0467478e-02  1.5899176e-01   8.95e-02  1.865e-02     0.0     376       0
   433  9.0609298e-02  4.0934845e-01   8.96e-02  2.918e-02     0.0     374       0
   434  9.0200219e-02  1.3336996e-01   8.92e-02  1.774e-02    -0.3     374       0
   435  9.0131841e-02  9.7314736e-02   8.91e-02  1.565e-02     0.0     374       0
   436  9.0043650e-02  1.6146012e-01   8.90e-02  1.892e-02     0.0     374       0
   437  9.0024501e-02  2.8297648e-01   8.90e-02  2.351e-02     0.0     374       0
   438  8.9933965e-02  3.4553174e-01   8.89e-02  2.826e-02    -0.3     374       0
   439  8.9817849e-02  9.5857693e-02   8.88e-02  1.543e-02     0.0     374       0
   440  8.9789041e-02  8.6401119e-02   8.88e-02  1.502e-02     0.0     374       0
   441  8.9676831e-02  7.5650697e-02   8.87e-02  1.451e-02     0.0     374       0
   442  8.9067952e-02  7.2563019e-01   8.81e-02  5.152e-02    -0.3     383       0
   443  8.8774891e-02  5.0293023e-01   8.78e-02  3.683e-02    -0.3     382       0
   444  8.8388085e-02  1.4333118e-01   8.74e-02  1.940e-02     0.0     382       0
   445  8.8338396e-02  6.1353622e-02   8.73e-02  1.502e-02     0.0     382       0
   446  8.8278126e-02  8.5551080e-02   8.73e-02  1.557e-02     0.0     382       0
   447  8.8004849e-02  3.1040659e-01   8.70e-02  2.573e-02     0.0     384       0
   448  8.7929909e-02  3.0225785e-01   8.69e-02  2.454e-02    -0.3     384       0
   449  8.7861639e-02  8.9876943e-02   8.69e-02  1.479e-02     0.0     384       0
   450  8.7836630e-02  8.1687489e-02   8.68e-02  1.439e-02     0.0     384       0
   451  8.7707228e-02  9.6756491e-02   8.67e-02  1.559e-02     0.0     384       0
   452  8.7674042e-02  4.1380767e-01   8.67e-02  3.019e-02    -0.3     384       0
   453  8.7816372e-02  6.5244615e-01   8.68e-02  4.324e-02    -0.3     386       0
   454  8.7506792e-02  1.2319052e-01   8.65e-02  1.650e-02     0.0     384       0
   455  8.7477360e-02  6.8686064e-02   8.65e-02  1.397e-02     0.0     386       0
   456  8.7434354e-02  7.2930491e-02   8.64e-02  1.413e-02     0.0     386       0
   457  8.6919317e-02  1.0563045e+00   8.59e-02  6.545e-02     0.0     384       0
   458  8.6404084e-02  5.3227574e-01   8.54e-02  3.651e-02    -0.3     384       0
   459  8.6131981e-02  8.4611978e-02   8.51e-02  1.553e-02     0.0     383       0
   460  8.6106017e-02  6.3917109e-02   8.51e-02  1.414e-02     0.0     383       0
   461  8.6043671e-02  5.9741379e-02   8.50e-02  1.343e-02     0.0     383       0
   462  8.5739885e-02  1.8142297e-01   8.47e-02  1.937e-02     0.0     380       0
   463  8.5756204e-02  3.4655748e-01   8.48e-02  2.718e-02    -0.3     381       0
   464  8.5669445e-02  2.6318777e-01   8.47e-02  2.282e-02     0.0     381       0
   465  8.5615007e-02  6.9994795e-02   8.46e-02  1.378e-02     0.0     381       0
   466  8.5597537e-02  6.2770747e-02   8.46e-02  1.338e-02     0.0     381       0
   467  8.5465871e-02  8.4564427e-02   8.45e-02  1.463e-02     0.0     381       0
   468  8.5578136e-02  6.2452269e-01   8.46e-02  3.978e-02    -0.3     380       0
   469  8.5292338e-02  6.6570425e-02   8.43e-02  1.378e-02    -0.3     380       0
   470  8.5266649e-02  6.5421205e-02   8.43e-02  1.350e-02     0.0     380       0
   471  8.5220193e-02  8.7531839e-02   8.42e-02  1.477e-02     0.0     380       0
   472  8.5181795e-02  2.6417300e-01   8.42e-02  2.234e-02    -0.3     380       0
   473  8.5090482e-02  7.6192124e-02   8.41e-02  1.408e-02    -0.3     380       0
   474  8.5071134e-02  6.0334456e-02   8.41e-02  1.316e-02     0.0     380       0
   475  8.5029320e-02  7.2126982e-02   8.40e-02  1.392e-02     0.0     380       0
   476  8.4968336e-02  3.9609923e-01   8.40e-02  2.849e-02    -0.3     381       0
   477  8.4846852e-02  2.6097628e-01   8.38e-02  2.364e-02    -0.3     381       0
   478  8.4774127e-02  6.2940961e-02   8.38e-02  1.326e-02     0.0     381       0
   479  8.4760506e-02  5.9042353e-02   8.38e-02  1.315e-02     0.0     381       0
   480  8.4641378e-02  8.5344115e-02   8.36e-02  1.465e-02     0.0     380       0
   481  8.4609647e-02  3.3222149e-01   8.36e-02  2.538e-02    -0.3     380       0
   482  8.4482189e-02  8.8516900e-02   8.35e-02  1.483e-02    -0.3     380       0
   483  8.4452848e-02  5.9292064e-02   8.35e-02  1.303e-02     0.0     380       0
   484  8.4418841e-02  7.2211180e-02   8.34e-02  1.387e-02     0.0     380       0
   485  8.4311687e-02  1.9390886e-01   8.33e-02  1.905e-02     0.0     380       0
   486  8.4272970e-02  2.3692546e-01   8.33e-02  2.227e-02    -0.3     380       0
   487  8.4214990e-02  5.8124988e-02   8.32e-02  1.292e-02     0.0     379       0
   488  8.4197370e-02  5.9601222e-02   8.32e-02  1.314e-02     0.0     379       0
   489  8.4146147e-02  5.2027623e-02   8.31e-02  1.272e-02     0.0     379       0
   490  8.4014606e-02  4.0892784e-01   8.30e-02  3.106e-02    -0.3     380       0
   491  8.3886462e-02  8.1961592e-02   8.29e-02  1.398e-02    -0.3     379       0
   492  8.3853454e-02  7.1593354e-02   8.29e-02  1.379e-02     0.0     379       0
   493  8.3835099e-02  5.1720338e-02   8.28e-02  1.273e-02     0.0     379       0
   494  8.3621840e-02  1.4012905e-01   8.26e-02  1.715e-02     0.0     382       0
   495  8.3635937e-02  2.7082253e-01   8.26e-02  2.288e-02    -0.3     382       0
   496  8.3580965e-02  1.8269875e-01   8.26e-02  1.930e-02     0.0     382       0
   497  8.3547865e-02  5.9652700e-02   8.25e-02  1.302e-02     0.0     382       0
   498  8.3534347e-02  5.4831266e-02   8.25e-02  1.282e-02     0.0     382       0
   499  8.3332834e-02  1.3375252e-01   8.23e-02  1.654e-02     0.0     383       0
   500  8.3376555e-02  3.7451353e-01   8.24e-02  2.882e-02    -0.3     383       0

 ERROR EXIT -- Too many iterations

 Products with A     :     738        Total time   (secs) :     5.8
 Products with A'    :     501        Project time (secs) :     1.5
 Newton iterations   :       5        Mat-vec time (secs) :     2.5
 Line search its     :     461        Subspace iterations :       0

