
 ==================================================================================
 PQNL1_SLIM v. 46  (Tue, 14 Jun 2011) based on v.1017
 ==================================================================================
 No. rows              :    36352      No. columns           :   133723
 Initial tau           : 0.00e+00      Two-norm of b         : 5.02e+04
 Optimality tol        : 1.00e-04      Target objective      : 0.00e+00
 Basis pursuit tol     : 1.00e-06      Maximum iterations    :      200

     0  5.0240434e+04  0.0000000e+00   1.00e+00  3.669e+04     0.0       0       0  6.8796942e+04

Inside of minConf_PQN 
 Iteration   FunEvals Projections     Step Length          rNorm2        Opt Cond
         1          1          4     1.25000e-01     4.94985e+04     7.73966e+04
         2          1         15     1.00000e+00     3.72170e+04     1.30419e+05
         3          1         25     1.00000e+00     3.55544e+04     1.24211e+05
         4          1         32     1.00000e+00     3.45179e+04     1.16628e+05
         5          1         41     1.00000e+00     3.40284e+04     1.09235e+05
         6          1         50     1.00000e+00     3.37257e+04     1.03701e+05
         7          1         60     1.00000e+00     3.35160e+04     9.89959e+04
         8          1         70     1.00000e+00     3.33733e+04     9.67205e+04
         9          1         80     1.00000e+00     3.32666e+04     9.19244e+04
        10          1         90     1.00000e+00     3.31915e+04     8.73196e+04
        11          1        100     1.00000e+00     3.31378e+04     8.37279e+04
        12          1        110     1.00000e+00     3.30960e+04     8.02538e+04
break of testUpdateTau
    12  3.3096044e+04  1.7330565e-01   1.00e+00  7.271e+03     0.0    1201       0  2.1944012e+05

Inside of minConf_PQN 
 Iteration   FunEvals Projections     Step Length          rNorm2        Opt Cond
        13          1          4     5.00000e-01     2.96918e+04     3.62092e+05
        14          1         16     1.00000e+00     1.79458e+04     3.91409e+05
        15          1         30     1.00000e+00     1.63803e+04     3.49486e+05
        16          1         39     1.00000e+00     1.50672e+04     3.16486e+05
        17          1         48     1.00000e+00     1.44266e+04     3.00704e+05
        18          1         58     1.00000e+00     1.40769e+04     2.88480e+05
        19          1         68     1.00000e+00     1.38548e+04     2.72903e+05
        20          1         78     1.00000e+00     1.37007e+04     2.56094e+05
        21          1         89     1.00000e+00     1.35815e+04     2.42552e+05
        22          1        100     1.00000e+00     1.34924e+04     2.32829e+05
        23          1        114     1.00000e+00     1.34222e+04     2.22653e+05
        24          1        128     1.00000e+00     1.33623e+04     2.11631e+05
        25          1        140     1.00000e+00     1.33144e+04     2.02062e+05
        26          1        152     1.00000e+00     1.32685e+04     1.97858e+05
        27          1        168     1.00000e+00     1.32312e+04     1.95997e+05
        28          1        182     1.00000e+00     1.32031e+04     1.84165e+05
        29          1        197     1.00000e+00     1.31760e+04     1.71360e+05
        30          1        215     1.00000e+00     1.31528e+04     1.67321e+05
        31          1        231     1.00000e+00     1.31330e+04     1.66476e+05
        32          1        251     1.00000e+00     1.31158e+04     1.63231e+05
break of testUpdateTau
    32  1.3115799e+04  5.8701405e-01   1.00e+00  1.553e+03     0.0    7280       0  3.3021507e+05

Inside of minConf_PQN 
 Iteration   FunEvals Projections     Step Length          rNorm2        Opt Cond
        33          1          4     2.50000e-01     1.19686e+04     5.03540e+05
        34          1         12     1.00000e+00     6.88417e+03     5.17315e+05
        35          1         26     1.00000e+00     5.92101e+03     4.10572e+05
        36          1         39     1.00000e+00     5.31421e+03     3.41702e+05
        37          1         49     1.00000e+00     4.86389e+03     3.22505e+05
        38          1         59     1.00000e+00     4.59202e+03     3.15487e+05
        39          1         71     1.00000e+00     4.43365e+03     2.96313e+05
        40          1         83     1.00000e+00     4.31436e+03     2.72113e+05
        41          1         94     1.00000e+00     4.22886e+03     2.52487e+05
        42          1        105     1.00000e+00     4.16141e+03     2.33050e+05
        43          1        120     1.00000e+00     4.10630e+03     2.16204e+05
        44          1        136     1.00000e+00     4.06451e+03     2.01001e+05
        45          1        151     1.00000e+00     4.02750e+03     1.91604e+05
        46          1        167     1.00000e+00     3.99675e+03     1.85906e+05
        47          1        183     1.00000e+00     3.97013e+03     1.78690e+05
        48          1        198     1.00000e+00     3.94667e+03     1.73887e+05
        49          1        216     1.00000e+00     3.92583e+03     1.64535e+05
        50          1        233     1.00000e+00     3.90678e+03     1.54890e+05
        51          1        250     1.00000e+00     3.89058e+03     1.48503e+05
        52          1        271     1.00000e+00     3.87499e+03     1.44540e+05
        53          1        286     1.00000e+00     3.86195e+03     1.38597e+05
        54          1        304     1.00000e+00     3.84783e+03     1.34866e+05
        55          1        320     1.00000e+00     3.83666e+03     1.31456e+05
        56          1        341     1.00000e+00     3.82561e+03     1.28910e+05
        57          1        361     1.00000e+00     3.81557e+03     1.27969e+05
        58          1        379     1.00000e+00     3.80627e+03     1.24143e+05
        59          1        394     1.00000e+00     3.79792e+03     1.17427e+05
        60          1        420     1.00000e+00     3.78958e+03     1.13037e+05
        61          1        440     1.00000e+00     3.78241e+03     1.10407e+05
        62          1        461     1.00000e+00     3.77514e+03     1.10571e+05
        63          1        482     1.00000e+00     3.76885e+03     1.08986e+05
        64          1        502     1.00000e+00     3.76185e+03     1.05995e+05
        65          1        520     1.00000e+00     3.75638e+03     9.83398e+04
break of testUpdateTau
    65  3.7563782e+03  2.3087676e+00   1.00e+00  3.004e+02     0.0   17244       0  3.7717923e+05

Inside of minConf_PQN 
 Iteration   FunEvals Projections     Step Length          rNorm2        Opt Cond
        66          1          4     2.50000e-01     3.57832e+03     5.46239e+05
        67          1         15     1.00000e+00     2.24644e+03     4.98050e+05
        68          1         27     1.00000e+00     1.87926e+03     3.10665e+05
        69          1         37     1.00000e+00     1.71095e+03     2.33394e+05
rNorm less than sigma_ref
rNorm less than sigma_ref

 EXIT -- residual less than sigma ref

 Products with A     :      82        Total time   (secs) :   149.7
 Products with A'    :      82        Project time (secs) :   128.3
 Newton iterations   :       4        Mat-vec time (secs) :    23.8

