
 ==================================================================================
 SPGL1_SLIM v. 46  (Tue, 14 Jun 2011) based on v.1017
 ==================================================================================
 No. rows              :    36352      No. columns           :   133723
 Initial tau           : 0.00e+00      Two-norm of b         : 5.02e+04
 Optimality tol        : 1.00e-04      Target objective      : 0.00e+00
 Basis pursuit tol     : 1.00e-06      Maximum iterations    :      200

  Iter      Objective   Relative Gap  Rel Error      gNorm   stepG    nnzX    nnzG            tau
     0  5.0240434e+04  0.0000000e+00   1.00e+00  3.669e+04     0.0       0       0  6.8796942e+04
     1  4.9622006e+04  1.5212198e+00   1.00e+00  2.697e+04    -0.3       1       0
     2  4.3667884e+04  4.1827909e+00   1.00e+00  4.826e+04     0.0     430       0
     3  3.8629465e+04  3.5603030e+00   1.00e+00  4.262e+04     0.0    2157       0
     4  3.4802369e+04  2.1225725e+00   1.00e+00  2.284e+04     0.0    2234       0
     5  3.3610157e+04  3.0131467e-01   1.00e+00  8.051e+03     0.0    2456       0
     6  3.3439036e+04  2.5506241e-01   1.00e+00  7.746e+03     0.0    2032       0
     7  3.3200926e+04  3.2631699e-01   1.00e+00  8.554e+03     0.0    1521       0
     8  3.3127632e+04  2.8671986e-01   1.00e+00  8.013e+03     0.0    1306       0
     9  3.3087737e+04  6.2122526e-01   1.00e+00  1.091e+04     0.0    1222       0
    10  3.3025210e+04  3.3259218e-01   1.00e+00  8.512e+03     0.0    1238       0
    11  3.3000190e+04  1.2408139e-01   1.00e+00  6.892e+03     0.0    1234       0
    12  3.2987428e+04  8.2877813e-02   1.00e+00  6.555e+03     0.0    1209       0
    13  3.2964318e+04  1.9174192e-01   1.00e+00  7.411e+03     0.0    1161       0
    14  3.2965819e+04  4.2564011e-01   1.00e+00  9.225e+03    -0.3    1089       0  1.8660707e+05
    15  1.9650722e+04  8.8736216e+00   1.00e+00  1.008e+04     0.0    7266       0
    16  1.7935942e+04  4.9548536e+00   1.00e+00  6.254e+03     0.0   12527       0
    17  1.7477608e+04  3.8173048e+00   1.00e+00  4.972e+03     0.0   10248       0
    18  1.7311372e+04  1.3961280e+00   1.00e+00  3.009e+03     0.0    9251       0
    19  1.7145451e+04  2.7731987e+00   1.00e+00  4.074e+03     0.0    8129       0
    20  1.7075351e+04  8.6845141e+00   1.00e+00  8.661e+03     0.0    6902       0
    21  1.7008073e+04  1.1516262e+01   1.00e+00  1.079e+04    -0.3    6884       0
    22  1.6886951e+04  1.5121570e+00   1.00e+00  3.043e+03     0.0    6957       0
    23  1.6864119e+04  1.0988577e+00   1.00e+00  2.725e+03     0.0    6794       0
    24  1.6834507e+04  1.0469512e+00   1.00e+00  2.679e+03     0.0    6645       0
    25  1.6715305e+04  9.1759518e+00   1.00e+00  8.706e+03     0.0    5409       0
    26  1.6778843e+04  1.3174472e+01   1.00e+00  1.180e+04    -0.3    5671       0
    27  1.6663273e+04  5.6919610e+00   1.00e+00  6.110e+03     0.0    5943       0
    28  1.6631840e+04  6.5406796e-01   1.00e+00  2.360e+03     0.0    5870       0
    29  1.6626042e+04  6.7016286e-01   1.00e+00  2.370e+03     0.0    5805       0
    30  1.6614625e+04  6.7810404e-01   1.00e+00  2.371e+03     0.0    5696       0
    31  1.6578639e+04  2.4106059e+00   1.00e+00  3.634e+03     0.0    5422       0
    32  1.6576575e+04  1.0023210e+00   1.00e+00  2.599e+03    -0.3    5500       0
    33  1.6564812e+04  2.0776143e+00   1.00e+00  3.391e+03     0.0    5496       0
    34  1.6559972e+04  4.9152529e-01   1.00e+00  2.224e+03     0.0    5483       0
    35  1.6557514e+04  4.9103763e-01   1.00e+00  2.223e+03     0.0    5457       0
    36  1.6549321e+04  7.9037887e-01   1.00e+00  2.441e+03     0.0    5405       0
    37  1.6546345e+04  1.0272592e+00   1.00e+00  2.614e+03    -0.3    5420       0
    38  1.6546538e+04  2.7280910e+00   1.00e+00  3.861e+03     0.0    5380       0  2.5751215e+05
    39  1.0680775e+04  6.1256110e+00   1.00e+00  2.153e+03     0.0   28286       0
    40  1.0177694e+04  5.4844642e+00   1.00e+00  1.971e+03     0.0   25687       0
    41  9.9458743e+03  3.7291408e+00   1.00e+00  1.564e+03     0.0   19630       0
    42  9.8005115e+03  2.0375647e+01   1.00e+00  4.640e+03     0.0   14866       0
    43  1.0114436e+04  5.5954977e+01   1.00e+00  1.192e+04     0.0   13266       0
    44  9.7732950e+03  3.5932860e+01   1.00e+00  7.502e+03     0.0   14494       0
    45  9.6592195e+03  5.5158637e+00   1.00e+00  1.836e+03     0.0   13841       0
    46  9.6418386e+03  1.6406699e+00   1.00e+00  1.132e+03     0.0   13415       0
    47  9.6270182e+03  1.5941440e+00   1.00e+00  1.122e+03     0.0   12952       0
    48  9.5587006e+03  2.6128226e+00   1.00e+00  1.299e+03     0.0   11063       0
    49  9.6384399e+03  1.6091697e+01   1.00e+00  3.739e+03    -0.3   10644       0
    50  9.5375680e+03  4.7371579e+00   1.00e+00  1.677e+03    -0.3   12070       0
    51  9.5193513e+03  3.4472873e+00   1.00e+00  1.444e+03     0.0   11496       0
    52  9.5125775e+03  1.1638543e+00   1.00e+00  1.041e+03     0.0   11162       0
    53  9.5059427e+03  1.3038160e+00   1.00e+00  1.065e+03     0.0   10830       0
    54  9.4985155e+03  1.1529997e+01   1.00e+00  2.857e+03     0.0   10457       0
    55  9.4900447e+03  9.8939038e-01   1.00e+00  1.010e+03    -0.3   10540       0
    56  9.4874635e+03  1.0289794e+00   1.00e+00  1.017e+03     0.0   10497       0
    57  9.4829472e+03  1.0377545e+00   1.00e+00  1.018e+03     0.0   10407       0
    58  9.4763340e+03  1.8597426e+01   1.00e+00  4.080e+03     0.0    9878       0
    59  9.4582297e+03  1.4723729e+00   1.00e+00  1.095e+03    -0.3   10030       0
    60  9.4510313e+03  1.0483536e+00   1.00e+00  1.021e+03     0.0   10049       0
    61  9.4491323e+03  8.3381620e-01   1.00e+00  9.836e+02     0.0    9993       0
    62  9.4460159e+03  9.4473277e-01   1.00e+00  1.003e+03     0.0    9922       0
    63  9.4430491e+03  7.0122070e+00   1.00e+00  2.051e+03     0.0    9757       0
    64  9.4355029e+03  2.6247332e+00   1.00e+00  1.292e+03    -0.3    9828       0
    65  9.4332001e+03  7.8559303e-01   1.00e+00  9.741e+02     0.0    9816       0
    66  9.4318297e+03  8.7229194e-01   1.00e+00  9.892e+02     0.0    9787       0
    67  9.4280169e+03  2.5151593e+00   1.00e+00  1.272e+03     0.0    9727       0
    68  9.4265933e+03  2.0657321e+00   1.00e+00  1.195e+03    -0.3    9747       0
    69  9.4253218e+03  2.0054180e+00   1.00e+00  1.184e+03     0.0    9728       0
    70  9.4241822e+03  1.4864868e+00   1.00e+00  1.095e+03     0.0    9714       0
    71  9.4231182e+03  1.0145578e+00   1.00e+00  1.013e+03     0.0    9699       0
    72  9.4218223e+03  2.4215559e+00   1.00e+00  1.256e+03     0.0    9673       0
    73  9.4216597e+03  4.5805435e+00   1.00e+00  1.628e+03     0.0    9657       0  3.1205195e+05
    74  5.9435798e+03  1.8970621e+01   1.00e+00  1.375e+03     0.0   38209       0
    75  5.5702086e+03  1.7161264e+01   1.00e+00  1.224e+03     0.0   40819       0
    76  5.4361492e+03  1.6722071e+01   1.00e+00  1.146e+03     0.0   32552       0
    77  5.3434284e+03  2.7739295e+01   1.00e+00  1.628e+03     0.0   27789       0
    78  5.3290553e+03  7.9588754e+01   1.00e+00  3.973e+03     0.0   24220       0
    79  5.2954150e+03  7.1068971e+01   1.00e+00  3.549e+03     0.0   23961       0
    80  5.2332894e+03  2.7529002e+01   1.00e+00  1.564e+03     0.0   23454       0
    81  5.2189127e+03  3.4792936e+00   1.00e+00  5.073e+02     0.0   22843       0
    82  5.2060002e+03  3.2835259e+00   1.00e+00  4.979e+02     0.0   22133       0
    83  5.1357593e+03  2.1509585e+01   1.00e+00  1.270e+03     0.0   17841       0
    84  5.1223233e+03  1.7436609e+01   1.00e+00  1.094e+03    -0.3   18401       0
    85  5.1141742e+03  1.5408207e+01   1.00e+00  1.005e+03     0.0   18377       0
    86  5.1087829e+03  9.4083407e+00   1.00e+00  7.523e+02     0.0   18167       0
    87  5.1044086e+03  6.3884556e+00   1.00e+00  6.251e+02     0.0   17996       0
    88  5.0992645e+03  1.2283024e+01   1.00e+00  8.701e+02     0.0   17742       0
    89  5.0974848e+03  2.9525772e+01   1.00e+00  1.587e+03     0.0   17437       0
    90  5.0983357e+03  4.6925587e+01   1.00e+00  2.313e+03     0.0   17345       0
    91  5.0865699e+03  8.8173061e+00   1.00e+00  7.238e+02     0.0   17380       0
    92  5.0839563e+03  2.3804765e+00   1.00e+00  4.568e+02     0.0   17264       0
    93  5.0815634e+03  2.2030365e+00   1.00e+00  4.494e+02     0.0   17157       0
    94  5.0561819e+03  1.8441019e+01   1.00e+00  1.116e+03     0.0   16024       0
    95  5.0706355e+03  5.1175179e+01   1.00e+00  2.468e+03    -0.3   16163       0
    96  5.0644697e+03  5.8167776e+01   1.00e+00  2.751e+03     0.0   16442       0
    97  5.0482343e+03  6.8044324e+00   1.00e+00  6.380e+02     0.0   16356       0
    98  5.0461072e+03  1.8426360e+00   1.00e+00  4.352e+02     0.0   16223       0
    99  5.0449830e+03  1.8834157e+00   1.00e+00  4.368e+02     0.0   16124       0
   100  5.0339801e+03  6.3124226e+00   1.00e+00  6.157e+02     0.0   15544       0
   101  5.0315326e+03  9.6281589e+00   1.00e+00  7.510e+02    -0.3   15665       0
   102  5.0321672e+03  1.7591070e+01   1.00e+00  1.073e+03     0.0   15655       0
   103  5.0281643e+03  9.3311653e+00   1.00e+00  7.381e+02     0.0   15621       0
   104  5.0264584e+03  1.7433753e+00   1.00e+00  4.305e+02     0.0   15638       0
   105  5.0256826e+03  1.7015224e+00   1.00e+00  4.288e+02     0.0   15563       0
   106  5.0227506e+03  3.6860381e+00   1.00e+00  5.089e+02     0.0   15424       0
   107  5.0215429e+03  9.8024691e+00   1.00e+00  7.562e+02    -0.3   15443       0
   108  5.0240050e+03  2.2508237e+01   1.00e+00  1.270e+03     0.0   15382       0
   109  5.0189707e+03  8.2415390e+00   1.00e+00  6.929e+02     0.0   15439       0
   110  5.0178633e+03  1.6417112e+00   1.00e+00  4.263e+02     0.0   15391       0
   111  5.0172539e+03  1.6108329e+00   1.00e+00  4.250e+02     0.0   15345       0
   112  5.0057695e+03  5.1877642e+00   1.00e+00  5.687e+02     0.0   14931       0
   113  5.0099973e+03  1.6582177e+01   1.00e+00  1.028e+03    -0.3   15007       0
   114  5.0107735e+03  2.2163879e+01   1.00e+00  1.252e+03     0.0   15177       0
   115  5.0021450e+03  3.7116220e+00   1.00e+00  5.096e+02     0.0   15175       0
   116  5.0014055e+03  1.5897285e+00   1.00e+00  4.244e+02     0.0   15085       0
   117  5.0008515e+03  1.5475730e+00   1.00e+00  4.227e+02     0.0   15008       0
   118  4.9951625e+03  4.7287505e+00   1.00e+00  5.493e+02     0.0   14735       0
   119  4.9955158e+03  1.0072795e+01   1.00e+00  7.636e+02    -0.3   14798       0
   120  4.9948824e+03  8.4191812e+00   1.00e+00  6.970e+02     0.0   14882       0
   121  4.9927132e+03  1.5013841e+00   1.00e+00  4.206e+02     0.0   14873       0
   122  4.9923742e+03  1.4627731e+00   1.00e+00  4.190e+02     0.0   14825       0
   123  4.9914964e+03  1.4361363e+00   1.00e+00  4.179e+02     0.0   14769       0
   124  4.9903131e+03  2.2072268e+01   1.00e+00  1.241e+03    -0.3   14505       0
   125  4.9834315e+03  3.1712395e+00   1.00e+00  4.873e+02    -0.3   14689       0
   126  4.9821115e+03  1.3396380e+00   1.00e+00  4.141e+02     0.0   14675       0
   127  4.9815717e+03  1.3786873e+00   1.00e+00  4.156e+02     0.0   14617       0
   128  4.9807598e+03  2.0209310e+00   1.00e+00  4.410e+02     0.0   14578       0
   129  4.9808874e+03  8.2410181e+00   1.00e+00  6.883e+02    -0.3   14541       0  3.4809808e+05
   130  3.2243563e+03  5.9012393e+01   1.00e+00  9.797e+02     0.0   45208       0
   131  2.9918951e+03  8.1288204e+01   1.00e+00  1.205e+03     0.0   56686       0
   132  2.8891061e+03  5.7490392e+01   1.00e+00  8.298e+02     0.0   47197       0
   133  2.8473631e+03  3.5423375e+01   1.00e+00  5.566e+02     0.0   43243       0
   134  2.8161402e+03  3.3417667e+01   1.00e+00  5.254e+02     0.0   39598       0
   135  2.7868213e+03  8.7389099e+01   1.00e+00  1.121e+03     0.0   35176       0
   136  2.8335743e+03  2.1572198e+02   1.00e+00  2.634e+03     0.0   32749       0
   137  2.7608057e+03  8.8861780e+01   1.00e+00  1.120e+03     0.0   32681       0
   138  2.7402831e+03  1.2501413e+01   1.00e+00  2.817e+02     0.0   32094       0
   139  2.7353361e+03  5.1927681e+00   1.00e+00  2.026e+02     0.0   31534       0
   140  2.7038636e+03  9.0134186e+00   1.00e+00  2.431e+02     0.0   28264       0
   141  2.7005815e+03  6.6565709e+01   1.00e+00  8.445e+02    -0.3   25597       0
   142  2.6775407e+03  2.6704178e+01   1.00e+00  4.243e+02    -0.3   27157       0
   143  2.6713768e+03  1.3144705e+01   1.00e+00  2.837e+02     0.0   26297       0
   144  2.6680752e+03  1.1615637e+01   1.00e+00  2.678e+02     0.0   25736       0
   145  2.6641103e+03  2.0845438e+01   1.00e+00  3.617e+02     0.0   25105       0
   146  2.6712422e+03  1.1493028e+02   1.00e+00  1.327e+03     0.0   24531       0
   147  2.6572295e+03  1.0555723e+01   1.00e+00  2.567e+02    -0.3   24730       0
   148  2.6553400e+03  9.7372733e+00   1.00e+00  2.482e+02     0.0   24489       0
   149  2.6532622e+03  5.8253084e+00   1.00e+00  2.085e+02     0.0   24258       0
   150  2.6480275e+03  5.6544520e+01   1.00e+00  7.196e+02     0.0   23600       0
   151  2.6446797e+03  1.5538917e+01   1.00e+00  3.063e+02    -0.3   23720       0
   152  2.6432746e+03  4.6395168e+00   1.00e+00  1.967e+02     0.0   23607       0
   153  2.6418454e+03  4.6923412e+00   1.00e+00  1.972e+02     0.0   23479       0
   154  2.6378173e+03  5.1356533e+01   1.00e+00  6.638e+02     0.0   22936       0
   155  2.6349717e+03  1.5178281e+01   1.00e+00  3.020e+02    -0.3   23055       0
   156  2.6338052e+03  3.6449253e+00   1.00e+00  1.869e+02     0.0   22962       0
   157  2.6327154e+03  4.0196826e+00   1.00e+00  1.906e+02     0.0   22859       0
   158  2.6292473e+03  3.9634811e+01   1.00e+00  5.444e+02     0.0   22482       0
   159  2.6273447e+03  1.5028144e+01   1.00e+00  2.999e+02    -0.3   22568       0
   160  2.6264006e+03  4.2298246e+00   1.00e+00  1.928e+02     0.0   22492       0
   161  2.6255490e+03  3.8367174e+00   1.00e+00  1.888e+02     0.0   22413       0
   162  2.6231054e+03  3.1617751e+01   1.00e+00  4.635e+02     0.0   22134       0
   163  2.6217279e+03  1.3283329e+01   1.00e+00  2.822e+02    -0.3   22201       0
   164  2.6210041e+03  4.3621976e+00   1.00e+00  1.941e+02     0.0   22145       0
   165  2.6202358e+03  4.4946910e+00   1.00e+00  1.954e+02     0.0   22085       0
   166  2.6184800e+03  3.4638328e+01   1.00e+00  4.923e+02     0.0   21887       0
   167  2.6169988e+03  1.0247564e+01   1.00e+00  2.520e+02    -0.3   21952       0
   168  2.6164235e+03  3.0440390e+00   1.00e+00  1.811e+02     0.0   21889       0
   169  2.6156294e+03  3.5191338e+00   1.00e+00  1.858e+02     0.0   21826       0
   170  2.6141570e+03  5.7838110e+01   1.00e+00  7.192e+02     0.0   21518       0
   171  2.6111575e+03  1.1787759e+01   1.00e+00  2.670e+02    -0.3   21651       0
   172  2.6103118e+03  2.9144209e+00   1.00e+00  1.800e+02     0.0   21596       0
   173  2.6097235e+03  3.0437713e+00   1.00e+00  1.812e+02     0.0   21529       0
   174  2.6076539e+03  1.6479256e+01   1.00e+00  3.125e+02     0.0   21372       0
   175  2.6069966e+03  1.3607540e+01   1.00e+00  2.844e+02    -0.3   21404       0
   176  2.6064163e+03  1.0652161e+01   1.00e+00  2.555e+02     0.0   21378       0
   177  2.6059337e+03  5.7797387e+00   1.00e+00  2.079e+02     0.0   21348       0
   178  2.6054261e+03  6.5590006e+00   1.00e+00  2.155e+02     0.0   21315       0
   179  2.6048071e+03  1.5167675e+01   1.00e+00  2.994e+02     0.0   21261       0
   180  2.6057195e+03  4.6467373e+01   1.00e+00  6.048e+02     0.0   21223       0
   181  2.6038015e+03  1.6816282e+01   1.00e+00  3.154e+02     0.0   21254       0
   182  2.6030925e+03  2.9168889e+00   1.00e+00  1.800e+02     0.0   21216       0
   183  2.6028173e+03  2.9200650e+00   1.00e+00  1.800e+02     0.0   21178       0
   184  2.5987581e+03  5.3940862e+00   1.00e+00  2.041e+02     0.0   20953       0
   185  2.5987014e+03  3.0921845e+01   1.00e+00  4.521e+02    -0.3   21006       0  3.6303697e+05
   186  1.9886919e+03  3.2556118e+02   1.00e+00  1.832e+03     0.0   35117       0
   187  1.9782772e+03  4.9962818e+02   1.00e+00  2.778e+03     0.0   47194       0
   188  1.8594050e+03  2.0675626e+02   1.00e+00  1.065e+03     0.0   44100       0
   189  1.8362456e+03  1.2221895e+01   1.00e+00  1.377e+02     0.0   41392       0
   190  1.8307052e+03  9.7340648e+00   1.00e+00  1.262e+02     0.0   39489       0
   191  1.8090086e+03  4.9758412e+01   1.00e+00  3.103e+02     0.0   33280       0
   192  1.8100107e+03  1.7439672e+02   1.00e+00  8.720e+02    -0.3   31246       0
   193  1.8249991e+03  3.1951585e+02   1.00e+00  1.551e+03     0.0   31037       0
   194  1.7974258e+03  5.7705213e+01   1.00e+00  3.429e+02     0.0   30952       0
   195  1.7948678e+03  7.6891073e+00   1.00e+00  1.202e+02     0.0   30592       0
   196  1.7936609e+03  6.1516885e+00   1.00e+00  1.135e+02     0.0   30230       0
   197  1.7824474e+03  2.4124690e+01   1.00e+00  1.945e+02     0.0   27703       0
   198  1.7806748e+03  2.2161498e+01   1.00e+00  1.853e+02    -0.3   27958       0
   199  1.7798818e+03  5.5896592e+01   1.00e+00  3.323e+02     0.0   27619       0
   200  1.7782055e+03  4.1710917e+01   1.00e+00  2.702e+02     0.0   27538       0

 ERROR EXIT -- Too many iterations

 Products with A     :     260        Total time   (secs) :    75.2
 Products with A'    :     202        Project time (secs) :     3.8
 Newton iterations   :       6        Mat-vec time (secs) :    66.2
 Line search its     :      84        Subspace iterations :       0

