
 ==================================================================================
 SPGL1_SLIM v. 46  (Tue, 14 Jun 2011) based on v.1017
 ==================================================================================
 No. rows              :    45568      No. columns           :   133723
 Initial tau           : 0.00e+00      Two-norm of b         : 4.18e+03
 Optimality tol        : 1.00e-04      Target objective      : 0.00e+00
 Basis pursuit tol     : 1.00e-06      Maximum iterations    :      200

  Iter      Objective   Relative Gap  Rel Error      gNorm   stepG    nnzX    nnzG            tau
     0  4.1847108e+03  0.0000000e+00   1.00e+00  1.967e+02     0.0       0       0  8.9046595e+04
     1  4.1761727e+03  2.0183834e+00   1.00e+00  1.923e+02    -0.3       1       0
     2  3.8300858e+03  5.3819148e+00   1.00e+00  3.711e+02     0.0     517       0
     3  2.8973019e+03  3.1771701e+00   1.00e+00  1.779e+02     0.0    2634       0
     4  2.6654487e+03  3.9895447e-01   1.00e+00  4.733e+01     0.0    2669       0
     5  2.6390688e+03  2.8128194e-01   1.00e+00  4.389e+01     0.0    2437       0
     6  2.6208175e+03  3.2731354e-01   1.00e+00  4.611e+01     0.0    2122       0
     7  2.6091700e+03  5.6933274e-01   1.00e+00  5.519e+01     0.0    1741       0
     8  2.6171704e+03  1.0941165e+00   1.00e+00  7.508e+01    -0.3    1699       0
     9  2.6022367e+03  4.8980989e-01   1.00e+00  5.221e+01     0.0    1741       0
    10  2.6000812e+03  1.9405797e-01   1.00e+00  4.105e+01     0.0    1760       0
    11  2.5993406e+03  1.8812506e-01   1.00e+00  4.079e+01     0.0    1739       0
    12  2.5945454e+03  1.6701827e-01   1.00e+00  3.940e+01     0.0    1531       0
    13  2.5936457e+03  1.2936282e-01   1.00e+00  3.846e+01    -0.3    1572       0
    14  2.5932143e+03  1.9191797e-01   1.00e+00  4.069e+01     0.0    1607       0
    15  2.5928086e+03  9.1379765e-02   1.00e+00  3.691e+01     0.0    1582       0
    16  2.5925819e+03  9.0939830e-02   1.00e+00  3.691e+01     0.0    1581       0
    17  2.5922683e+03  9.1765046e-02   1.00e+00  3.693e+01     0.0    1569       0
    18  2.5922847e+03  4.6870937e-01   1.00e+00  5.111e+01     0.0    1541       0  2.2052209e+05
    19  1.6265641e+03  1.4237176e+01   1.00e+00  8.616e+01     0.0    4018       0
    20  1.3025506e+03  7.3158919e+00   1.00e+00  3.876e+01     0.0    9722       0
    21  1.2613158e+03  1.6613691e+00   1.00e+00  1.622e+01     0.0    8804       0
    22  1.2545633e+03  1.3918786e+00   1.00e+00  1.536e+01     0.0    8343       0
    23  1.2420131e+03  8.2318428e-01   1.00e+00  1.357e+01     0.0    7121       0
    24  1.2438935e+03  2.2069910e+00   1.00e+00  1.808e+01     0.0    6633       0
    25  1.2464668e+03  2.8447578e+00   1.00e+00  2.023e+01     0.0    6873       0
    26  1.2329839e+03  1.6507068e+00   1.00e+00  1.634e+01     0.0    6719       0
    27  1.2313127e+03  5.3777702e-01   1.00e+00  1.238e+01     0.0    6763       0
    28  1.2307848e+03  5.0437928e-01   1.00e+00  1.227e+01     0.0    6677       0
    29  1.2274576e+03  4.3481160e-01   1.00e+00  1.195e+01     0.0    6289       0
    30  1.2269812e+03  7.0841781e-01   1.00e+00  1.300e+01    -0.3    6344       0
    31  1.2266395e+03  4.7047735e-01   1.00e+00  1.206e+01     0.0    6353       0
    32  1.2261613e+03  4.1608796e-01   1.00e+00  1.196e+01     0.0    6323       0
    33  1.2258905e+03  4.0915276e-01   1.00e+00  1.190e+01     0.0    6322       0
    34  1.2255441e+03  4.0508721e-01   1.00e+00  1.190e+01     0.0    6295       0
    35  1.2251549e+03  1.0306058e+00   1.00e+00  1.388e+01     0.0    6144       0
    36  1.2238611e+03  3.6932523e-01   1.00e+00  1.177e+01    -0.3    6184       0
    37  1.2237185e+03  3.6427873e-01   1.00e+00  1.173e+01     0.0    6172       0
    38  1.2235251e+03  3.5592234e-01   1.00e+00  1.170e+01     0.0    6147       0
    39  1.2223082e+03  8.6614063e-01   1.00e+00  1.325e+01     0.0    5765       0
    40  1.2214611e+03  6.7000367e-01   1.00e+00  1.283e+01    -0.3    5870       0
    41  1.2208106e+03  3.8659726e-01   1.00e+00  1.174e+01     0.0    5960       0
    42  1.2205594e+03  1.8784338e-01   1.00e+00  1.111e+01     0.0    5943       0
    43  1.2204699e+03  1.8762804e-01   1.00e+00  1.110e+01     0.0    5934       0
    44  1.2202319e+03  2.0512337e-01   1.00e+00  1.116e+01     0.0    5912       0
    45  1.2205544e+03  6.9263444e-01   1.00e+00  1.273e+01     0.0    5879       0
    46  1.2201284e+03  4.0790459e-01   1.00e+00  1.187e+01    -0.3    5900       0
    47  1.2199332e+03  1.9024825e-01   1.00e+00  1.110e+01     0.0    5905       0
    48  1.2199141e+03  1.8829023e-01   1.00e+00  1.109e+01     0.0    5898       0  3.5465957e+05
    49  9.4569660e+02  1.8791205e+01   1.00e+00  1.940e+01     0.0    6700       0
    50  4.1664854e+02  2.6837326e+01   1.00e+00  8.757e+00     0.0   31983       0
    51  3.2671737e+02  1.1198800e+01   1.00e+00  3.188e+00     0.0   27927       0
    52  3.1670261e+02  9.9432628e+00   1.00e+00  2.963e+00     0.0   26302       0
    53  3.0004798e+02  1.2806041e+01   1.00e+00  3.421e+00     0.0   21414       0
    54  3.2402143e+02  3.7215314e+01   1.00e+00  6.542e+00     0.0   19776       0
    55  2.9487348e+02  2.8140760e+01   1.00e+00  5.124e+00     0.0   24127       0
    56  2.8697379e+02  6.2946808e+00   1.00e+00  2.283e+00     0.0   21535       0
    57  2.8578083e+02  5.7029550e+00   1.00e+00  2.218e+00     0.0   20979       0
    58  2.8373662e+02  4.8168390e+00   1.00e+00  2.120e+00     0.0   19820       0
    59  2.8253182e+02  3.4488281e+01   1.00e+00  5.445e+00     0.0   17987       0
    60  2.7894732e+02  5.3808175e+00   1.00e+00  2.177e+00    -0.3   18598       0
    61  2.7794878e+02  3.3605835e+00   1.00e+00  1.926e+00     0.0   18478       0
    62  2.7761337e+02  3.2314026e+00   1.00e+00  1.913e+00     0.0   18364       0
    63  2.7654428e+02  4.2470684e+00   1.00e+00  2.008e+00     0.0   17872       0
    64  2.7761227e+02  1.4743884e+01   1.00e+00  3.191e+00    -0.3   17569       0
    65  2.7595025e+02  2.5564285e+01   1.00e+00  4.266e+00    -0.3   17553       0
    66  2.7474849e+02  2.6398817e+00   1.00e+00  1.833e+00     0.0   17644       0
    67  2.7462206e+02  2.6824302e+00   1.00e+00  1.835e+00     0.0   17589       0
    68  2.7331304e+02  2.8139069e+00   1.00e+00  1.845e+00     0.0   17102       0
    69  2.7300584e+02  5.9873021e+00   1.00e+00  2.173e+00    -0.3   17204       0
    70  2.7408809e+02  1.8500649e+01   1.00e+00  3.512e+00     0.0   17030       0
    71  2.7266559e+02  1.4457136e+01   1.00e+00  3.050e+00     0.0   17040       0
    72  2.7221968e+02  2.4328517e+00   1.00e+00  1.798e+00     0.0   17162       0
    73  2.7213676e+02  2.4084301e+00   1.00e+00  1.793e+00     0.0   17100       0
    74  2.7157050e+02  2.2609449e+00   1.00e+00  1.777e+00     0.0   16846       0
    75  2.7133660e+02  1.0878362e+01   1.00e+00  2.668e+00    -0.3   16872       0
    76  2.7205395e+02  1.5598353e+01   1.00e+00  3.178e+00    -0.3   16767       0
    77  2.7089596e+02  6.6894388e+00   1.00e+00  2.224e+00     0.0   16821       0
    78  2.7078623e+02  2.3708565e+00   1.00e+00  1.783e+00     0.0   16818       0
    79  2.7071001e+02  2.3299064e+00   1.00e+00  1.778e+00     0.0   16777       0
    80  2.6933159e+02  6.6753743e+00   1.00e+00  2.237e+00     0.0   15887       0
    81  2.6901056e+02  7.9036832e+00   1.00e+00  2.356e+00    -0.3   16124       0
    82  2.6861536e+02  6.4029466e+00   1.00e+00  2.192e+00     0.0   16641       0
    83  2.6818066e+02  1.5383035e+00   1.00e+00  1.690e+00     0.0   16412       0
    84  2.6812987e+02  1.4943567e+00   1.00e+00  1.687e+00     0.0   16359       0
    85  2.6802155e+02  1.5591782e+00   1.00e+00  1.690e+00     0.0   16241       0
    86  2.6764563e+02  3.5080386e+00   1.00e+00  1.884e+00     0.0   16039       0
    87  2.6763317e+02  4.8421456e+00   1.00e+00  2.010e+00    -0.3   16144       0  3.9028736e+05
    88  9.8227448e+01  4.0601116e+01   1.00e+00  8.863e-01     0.0   49395       0
    89  9.3675775e+01  2.5783387e+01   1.00e+00  7.151e-01     0.0   46752       0
    90  8.9120461e+01  1.8843463e+01   1.00e+00  6.097e-01     0.0   40176       0
    91  8.5564961e+01  3.8480774e+01   1.00e+00  7.517e-01     0.0   32149       0
    92  8.7735342e+01  7.7479770e+01   1.00e+00  1.165e+00    -0.3   31328       0
    93  8.3665732e+01  3.4632478e+01   1.00e+00  7.039e-01     0.0   32258       0
    94  8.2723628e+01  1.2434139e+01   1.00e+00  4.994e-01     0.0   31353       0
    95  8.2510082e+01  1.1521628e+01   1.00e+00  4.907e-01     0.0   30809       0
    96  8.1881693e+01  1.0894123e+01   1.00e+00  4.814e-01     0.0   29477       0
    97  8.2376560e+01  5.2850160e+01   1.00e+00  8.514e-01    -0.3   27628       0
    98  8.0924867e+01  1.1774829e+01   1.00e+00  4.875e-01    -0.3   28283       0
    99  8.0730026e+01  1.1399361e+01   1.00e+00  4.799e-01     0.0   27884       0
   100  8.0636742e+01  1.0242584e+01   1.00e+00  4.701e-01     0.0   27597       0
   101  8.0189884e+01  1.3966313e+01   1.00e+00  4.982e-01     0.0   26581       0
   102  8.0096914e+01  1.0174727e+01   1.00e+00  4.688e-01    -0.3   26760       0
   103  8.0054522e+01  4.5012043e+01   1.00e+00  7.493e-01     0.0   26382       0
   104  7.9919413e+01  9.3708089e+00   1.00e+00  4.603e-01     0.0   26458       0
   105  7.9859047e+01  9.2839885e+00   1.00e+00  4.580e-01     0.0   26387       0
   106  7.9798545e+01  9.1425107e+00   1.00e+00  4.569e-01     0.0   26274       0
   107  7.9400211e+01  6.5229819e+01   1.00e+00  9.058e-01     0.0   25093       0
   108  7.9589691e+01  3.5740284e+01   1.00e+00  6.790e-01    -0.3   25379       0
   109  7.9122587e+01  1.1655567e+01   1.00e+00  4.734e-01     0.0   25416       0
   110  7.9093603e+01  9.0412377e+00   1.00e+00  4.529e-01     0.0   25331       0
   111  7.9030942e+01  8.5328797e+00   1.00e+00  4.484e-01     0.0   25214       0
   112  7.8533835e+01  2.2989686e+01   1.00e+00  5.671e-01     0.0   23869       0
   113  7.8474112e+01  3.1983608e+01   1.00e+00  6.316e-01    -0.3   24356       0
   114  7.8208569e+01  2.5748006e+01   1.00e+00  5.797e-01     0.0   24540       0
   115  7.8096562e+01  7.4770112e+00   1.00e+00  4.364e-01     0.0   24358       0
   116  7.8076837e+01  7.2790990e+00   1.00e+00  4.348e-01     0.0   24249       0
   117  7.7993842e+01  6.6640463e+00   1.00e+00  4.290e-01     0.0   24015       0
   118  7.8083715e+01  3.8090790e+01   1.00e+00  6.776e-01     0.0   23639       0
   119  7.7750122e+01  1.0258463e+01   1.00e+00  4.554e-01    -0.3   24180       0
   120  7.7706870e+01  9.1521660e+00   1.00e+00  4.470e-01     0.0   23975       0
   121  7.7688708e+01  7.9925376e+00   1.00e+00  4.379e-01     0.0   23884       0
   122  7.7613207e+01  6.2159582e+00   1.00e+00  4.236e-01     0.0   23587       0
   123  7.7669605e+01  3.4287895e+01   1.00e+00  6.400e-01    -0.3   23511       0
   124  7.7626639e+01  2.6939059e+01   1.00e+00  5.838e-01    -0.3   23857       0
   125  7.7482561e+01  7.3628499e+00   1.00e+00  4.318e-01     0.0   23677       0
   126  7.7468848e+01  7.1964414e+00   1.00e+00  4.307e-01     0.0   23632       0
   127  7.7450302e+01  6.6114870e+00   1.00e+00  4.260e-01     0.0   23540       0
   128  7.7126201e+01  2.3711686e+01   1.00e+00  5.552e-01     0.0   22983       0
   129  7.7173066e+01  2.7874131e+01   1.00e+00  5.862e-01    -0.3   23217       0
   130  7.7023398e+01  1.0038634e+01   1.00e+00  4.504e-01     0.0   23280       0
   131  7.7001262e+01  5.3912978e+00   1.00e+00  4.146e-01     0.0   23240       0
   132  7.6991958e+01  5.2197159e+00   1.00e+00  4.133e-01     0.0   23207       0
   133  7.6821052e+01  4.3417041e+01   1.00e+00  7.008e-01     0.0   22912       0
   134  7.6868296e+01  1.2989081e+02   1.00e+00  1.359e+00    -0.3   23152       0
   135  7.6843047e+01  1.1312045e+02   1.00e+00  1.225e+00     0.0   23239       0
   136  7.6738974e+01  4.6343782e+00   1.00e+00  4.077e-01     0.0   23160       0
   137  7.6730705e+01  4.7363236e+00   1.00e+00  4.083e-01     0.0   23112       0
   138  7.6713122e+01  4.9956527e+00   1.00e+00  4.103e-01     0.0   23034       0
   139  7.6480367e+01  6.7837205e+01   1.00e+00  8.776e-01     0.0   22547       0
   140  7.6474526e+01  2.7549335e+01   1.00e+00  5.843e-01    -0.3   22754       0
   141  7.6311132e+01  1.9164064e+01   1.00e+00  5.135e-01     0.0   22916       0
   142  7.6295015e+01  5.6228351e+00   1.00e+00  4.133e-01     0.0   22834       0
   143  7.6285322e+01  5.1075581e+00   1.00e+00  4.093e-01     0.0   22792       0
   144  7.6222680e+01  2.8976092e+01   1.00e+00  5.866e-01     0.0   22670       0
   145  7.6275280e+01  9.7006460e+01   1.00e+00  1.092e+00    -0.3   22804       0
   146  7.6259770e+01  8.9880368e+01   1.00e+00  1.043e+00     0.0   22773       0
   147  7.6167518e+01  6.1440593e+00   1.00e+00  4.159e-01     0.0   22781       0
   148  7.6161248e+01  5.1001589e+00   1.00e+00  4.084e-01     0.0   22755       0
   149  7.6147879e+01  5.1138352e+00   1.00e+00  4.084e-01     0.0   22713       0
   150  7.5928203e+01  4.0613282e+01   1.00e+00  6.707e-01     0.0   22419       0
   151  7.6033773e+01  3.5981694e+01   1.00e+00  6.334e-01    -0.3   22550       0
   152  7.5861276e+01  3.0321860e+01   1.00e+00  5.938e-01     0.0   22670       0
   153  7.5838386e+01  6.4092940e+00   1.00e+00  4.164e-01     0.0   22601       0
   154  7.5833104e+01  4.6135344e+00   1.00e+00  4.032e-01     0.0   22565       0
   155  7.5772327e+01  4.9572100e+01   1.00e+00  7.335e-01     0.0   22441       0
   156  7.5774415e+01  4.6334762e+01   1.00e+00  7.102e-01    -0.3   22510       0  3.9837202e+05
   157  4.0589503e+01  3.5207370e+02   1.00e+00  8.727e-01     0.0   41770       0
   158  3.9323093e+01  4.4425603e+01   1.00e+00  2.551e-01     0.0   45166       0
   159  3.8988278e+01  3.7503857e+01   1.00e+00  2.406e-01     0.0   41389       0
   160  3.8486034e+01  5.1652092e+01   1.00e+00  2.706e-01     0.0   34880       0
   161  3.8549632e+01  3.0840314e+02   1.00e+00  7.400e-01    -0.3   32518       0
   162  3.8220366e+01  7.9504131e+01   1.00e+00  3.155e-01     0.0   34565       0
   163  3.8122723e+01  4.0119951e+01   1.00e+00  2.423e-01     0.0   32745       0
   164  3.8089931e+01  1.5890117e+01   1.00e+00  1.983e-01     0.0   32415       0
   165  3.7963178e+01  7.7857624e+01   1.00e+00  3.105e-01     0.0   30858       0
   166  3.7938638e+01  5.4636644e+01   1.00e+00  2.690e-01    -0.3   30978       0
   167  3.7915906e+01  1.8769852e+02   1.00e+00  5.075e-01     0.0   30268       0
   168  3.7882975e+01  3.6392977e+01   1.00e+00  2.354e-01     0.0   30359       0
   169  3.7864093e+01  2.6184270e+01   1.00e+00  2.165e-01     0.0   30170       0
   170  3.7843022e+01  1.0587804e+01   1.00e+00  1.887e-01     0.0   29967       0
   171  3.7791597e+01  2.9325042e+02   1.00e+00  6.948e-01     0.0   28696       0
   172  3.7742520e+01  3.0451829e+01   1.00e+00  2.247e-01    -0.3   29067       0
   173  3.7731987e+01  1.0811506e+01   1.00e+00  1.891e-01     0.0   28959       0
   174  3.7718652e+01  1.0587384e+01   1.00e+00  1.887e-01     0.0   28827       0
   175  3.7610924e+01  2.4294002e+02   1.00e+00  6.031e-01     0.0   26945       0
   176  3.7549626e+01  5.3801966e+01   1.00e+00  2.679e-01    -0.3   27399       0
   177  3.7505910e+01  5.3786117e+01   1.00e+00  2.654e-01     0.0   27407       0
   178  3.7495797e+01  1.0254588e+01   1.00e+00  1.887e-01     0.0   27385       0
   179  3.7483975e+01  9.5387888e+00   1.00e+00  1.871e-01     0.0   27325       0
   180  3.7455102e+01  2.5424719e+01   1.00e+00  2.151e-01     0.0   27144       0
   181  3.7444312e+01  2.6993649e+01   1.00e+00  2.171e-01    -0.3   27202       0
   182  3.7437187e+01  8.6919292e+00   1.00e+00  1.852e-01     0.0   27154       0
   183  3.7432232e+01  8.8825161e+00   1.00e+00  1.854e-01     0.0   27132       0
   184  3.7422180e+01  1.2130235e+01   1.00e+00  1.913e-01     0.0   27068       0
   185  3.7427449e+01  8.9065851e+01   1.00e+00  3.256e-01    -0.3   26991       0
   186  3.7428623e+01  5.8509508e+01   1.00e+00  2.736e-01     0.0   26970       0  4.0349225e+05
   187  1.6979726e+01  1.1991244e+02   1.00e+00  1.081e-01     0.0   68757       0
   188  1.6463077e+01  9.6739304e+01   1.00e+00  9.822e-02     0.0   61869       0
   189  1.5800953e+01  1.1276796e+02   1.00e+00  1.012e-01     0.0   47310       0
   190  1.5757412e+01  2.0284461e+02   1.00e+00  1.226e-01    -0.3   44374       0
   191  1.5472212e+01  6.8569600e+01   1.00e+00  8.392e-02     0.0   45691       0
   192  1.5398596e+01  5.6095030e+01   1.00e+00  7.946e-02     0.0   43452       0
   193  1.5353123e+01  4.7513191e+01   1.00e+00  7.680e-02     0.0   42622       0
   194  1.5196055e+01  1.0403435e+02   1.00e+00  9.341e-02     0.0   38441       0
   195  1.5160820e+01  5.0318764e+01   1.00e+00  7.714e-02    -0.3   38861       0
   196  1.5137354e+01  3.8149050e+01   1.00e+00  7.356e-02     0.0   38300       0
   197  1.5119944e+01  3.3337628e+01   1.00e+00  7.210e-02     0.0   38100       0
   198  1.5090164e+01  9.4867384e+01   1.00e+00  8.933e-02     0.0   37183       0
   199  1.5098287e+01  1.2276753e+02   1.00e+00  9.725e-02    -0.3   36990       0
   200  1.5061106e+01  1.2613984e+02   1.00e+00  9.793e-02     0.0   36446       0

 ERROR EXIT -- Too many iterations

 Products with A     :     266        Total time   (secs) :   501.2
 Products with A'    :     201        Project time (secs) :     5.7
 Newton iterations   :       6        Mat-vec time (secs) :   492.0
 Line search its     :     107        Subspace iterations :       0

