
 ==================================================================================
 PQNL1_SLIM v. 46  (Tue, 14 Jun 2011) based on v.1017
 ==================================================================================
 No. rows              :    45568      No. columns           :   133723
 Initial tau           : 0.00e+00      Two-norm of b         : 4.18e+03
 Optimality tol        : 1.00e-04      Target objective      : 0.00e+00
 Basis pursuit tol     : 1.00e-06      Maximum iterations    :      200

     0  4.1847108e+03  0.0000000e+00   1.00e+00  1.967e+02     0.0       0       0  8.9046595e+04

Inside of minConf_PQN 
 Iteration   FunEvals Projections     Step Length          rNorm2        Opt Cond
         1          1          4     1.00000e+00     2.82368e+03     2.15057e+04
         2          1         10     1.00000e+00     2.74221e+03     1.20541e+04
         3          1         19     1.00000e+00     2.68563e+03     7.69279e+03
         4          1         29     1.00000e+00     2.65564e+03     5.92487e+03
         5          1         38     1.00000e+00     2.63624e+03     4.24492e+03
         6          1         46     1.00000e+00     2.62437e+03     2.90907e+03
         7          1         55     1.00000e+00     2.61616e+03     2.11569e+03
         8          1         66     1.00000e+00     2.60978e+03     1.64602e+03
         9          1         75     1.00000e+00     2.60573e+03     1.38861e+03
        10          1         84     1.00000e+00     2.60190e+03     1.20448e+03
break of testUpdateTau
    10  2.6019021e+03  1.5622496e-01   1.00e+00  3.939e+01     0.0    1648       0  2.6089582e+05

Inside of minConf_PQN 
 Iteration   FunEvals Projections     Step Length          rNorm2        Opt Cond
        11          1          4     1.00000e+00     1.09426e+03     2.43109e+04
        12          1         10     1.00000e+00     1.03662e+03     1.51906e+04
        13          1         19     1.00000e+00     9.87900e+02     8.88509e+03
        14          1         29     1.00000e+00     9.65785e+02     6.75898e+03
        15          1         38     1.00000e+00     9.51156e+02     5.21269e+03
        16          1         47     1.00000e+00     9.40371e+02     4.09566e+03
        17          1         56     1.00000e+00     9.32009e+02     3.31973e+03
        18          1         67     1.00000e+00     9.25872e+02     2.84016e+03
        19          1         79     1.00000e+00     9.21020e+02     2.43977e+03
        20          1         92     1.00000e+00     9.17132e+02     2.17394e+03
        21          1        105     1.00000e+00     9.13923e+02     1.99882e+03
        22          1        118     1.00000e+00     9.11303e+02     1.84051e+03
        23          1        131     1.00000e+00     9.08936e+02     1.69348e+03
        24          1        147     1.00000e+00     9.07282e+02     1.49429e+03
        25          1        165     1.00000e+00     9.05457e+02     1.37433e+03
        26          1        180     1.00000e+00     9.04136e+02     1.33499e+03
break of testUpdateTau
    26  9.0413619e+02  8.9758070e-01   1.00e+00  8.347e+00     0.0    8349       0  3.5882680e+05

Inside of minConf_PQN 
 Iteration   FunEvals Projections     Step Length          rNorm2        Opt Cond
        27          1          4     1.00000e+00     3.18846e+02     1.02198e+04
        28          1         10     1.00000e+00     3.02969e+02     6.94966e+03
        29          1         19     1.00000e+00     2.86931e+02     4.23853e+03
        30          1         29     1.00000e+00     2.79345e+02     3.40994e+03
        31          1         40     1.00000e+00     2.73678e+02     2.74540e+03
        32          1         51     1.00000e+00     2.69500e+02     2.19599e+03
        33          1         60     1.00000e+00     2.66337e+02     1.81684e+03
        34          1         71     1.00000e+00     2.63830e+02     1.57040e+03
        35          1         84     1.00000e+00     2.61919e+02     1.40533e+03
        36          1         98     1.00000e+00     2.60205e+02     1.27974e+03
        37          1        112     1.00000e+00     2.58866e+02     1.17308e+03
        38          1        125     1.00000e+00     2.57621e+02     1.08644e+03
        39          1        143     1.00000e+00     2.56572e+02     1.03143e+03
        40          1        163     1.00000e+00     2.55576e+02     1.00323e+03
        41          1        177     1.00000e+00     2.54722e+02     9.56076e+02
        42          1        191     1.00000e+00     2.53882e+02     8.89549e+02
        43          1        209     1.00000e+00     2.53135e+02     8.24273e+02
        44          1        229     1.00000e+00     2.52428e+02     7.99639e+02
        45          1        248     1.00000e+00     2.51807e+02     7.91298e+02
        46          1        255     1.00000e+00     2.51534e+02     8.38784e+02
break of testUpdateTau
    46  2.5153424e+02  4.3224820e+00   1.00e+00  1.802e+00     0.0   17542       0  3.9393236e+05

Inside of minConf_PQN 
 Iteration   FunEvals Projections     Step Length          rNorm2        Opt Cond
        47          1          4     1.00000e+00     8.86741e+01     3.78574e+03
        48          1         10     1.00000e+00     8.38331e+01     2.59856e+03
        49          1         19     1.00000e+00     7.88688e+01     1.59386e+03
        50          1         29     1.00000e+00     7.64496e+01     1.26483e+03
        51          1         40     1.00000e+00     7.46849e+01     1.02140e+03
        52          1         51     1.00000e+00     7.33332e+01     8.14269e+02
        53          1         60     1.00000e+00     7.23181e+01     6.67366e+02
        54          1         71     1.00000e+00     7.15050e+01     5.77127e+02
        55          1         82     1.00000e+00     7.08623e+01     5.28268e+02
        56          1         99     1.00000e+00     7.02950e+01     4.84105e+02
        57          1        111     1.00000e+00     6.97921e+01     4.32934e+02
        58          1        127     1.00000e+00     6.93348e+01     4.07441e+02
        59          1        145     1.00000e+00     6.89710e+01     3.91160e+02
        60          1        164     1.00000e+00     6.86264e+01     3.75983e+02
        61          1        181     1.00000e+00     6.83155e+01     3.65349e+02
        62          1        198     1.00000e+00     6.80137e+01     3.54764e+02
        63          1        214     1.00000e+00     6.77222e+01     3.43384e+02
        64          1        228     1.00000e+00     6.74528e+01     3.29461e+02
        65          1        247     1.00000e+00     6.71916e+01     3.16782e+02
        66          1        270     1.00000e+00     6.69448e+01     3.09960e+02
        67          1        289     1.00000e+00     6.66991e+01     3.09989e+02
        68          1        316     1.00000e+00     6.64654e+01     3.15817e+02
        69          1        334     1.00000e+00     6.62289e+01     3.17197e+02
        70          1        357     1.00000e+00     6.60006e+01     3.04663e+02
        71          1        380     1.00000e+00     6.57606e+01     2.93016e+02
        72          1        403     1.00000e+00     6.55390e+01     2.92034e+02
        73          1        429     1.00000e+00     6.53250e+01     2.91876e+02
        74          1        452     1.00000e+00     6.50978e+01     2.92593e+02
        75          1        480     1.00000e+00     6.48829e+01     2.85403e+02
        76          1        498     1.00000e+00     6.46501e+01     2.78296e+02
        77          1        510     1.00000e+00     6.44779e+01     2.27465e+02
        78          1        540     1.00000e+00     6.42407e+01     2.24210e+02
        79          1        560     1.00000e+00     6.40715e+01     2.43702e+02
        80          1        586     1.00000e+00     6.38625e+01     2.43881e+02
        81          1        608     1.00000e+00     6.36384e+01     2.42958e+02
        82          1        635     1.00000e+00     6.34459e+01     2.48405e+02
        83          1        659     1.00000e+00     6.32617e+01     2.48108e+02
        84          1        687     1.00000e+00     6.30770e+01     2.37129e+02
        85          1        717     1.00000e+00     6.28868e+01     2.33234e+02
        86          1        741     1.00000e+00     6.27177e+01     2.32998e+02
        87          1        773     1.00000e+00     6.25352e+01     2.29349e+02
        88          1        794     1.00000e+00     6.23753e+01     2.28739e+02
        89          1        828     1.00000e+00     6.22237e+01     2.27860e+02
        90          1        855     1.00000e+00     6.20702e+01     2.20864e+02
        91          1        886     1.00000e+00     6.19139e+01     2.18037e+02
        92          1        916     1.00000e+00     6.17724e+01     2.12385e+02
        93          1        947     1.00000e+00     6.16064e+01     2.27199e+02
        94          1        971     1.00000e+00     6.14807e+01     2.17550e+02
        95          1        999     1.00000e+00     6.13143e+01     2.03254e+02
        96          1       1025     1.00000e+00     6.11874e+01     1.98029e+02
        97          1       1052     1.00000e+00     6.10580e+01     1.98808e+02
        98          1       1080     1.00000e+00     6.09323e+01     2.03240e+02
        99          1       1104     1.00000e+00     6.08085e+01     1.96337e+02
       100          1       1151     1.00000e+00     6.06690e+01     1.91113e+02
       101          1       1185     1.00000e+00     6.05487e+01     1.94077e+02
       102          1       1218     1.00000e+00     6.04307e+01     1.92494e+02
       103          1       1243     1.00000e+00     6.03094e+01     1.91848e+02
       104          1       1272     1.00000e+00     6.01937e+01     1.88761e+02
       105          1       1291     1.00000e+00     6.00829e+01     1.85112e+02
       106          1       1315     1.00000e+00     5.99838e+01     1.73719e+02
       107          1       1343     1.00000e+00     5.98727e+01     1.72906e+02
       108          1       1382     1.00000e+00     5.97739e+01     1.78948e+02
       109          1       1399     1.00000e+00     5.97079e+01     1.68458e+02
break of testUpdateTau
   109  5.9707883e+01  1.4020834e+01   1.00e+00  3.505e-01     0.0   24004       0  4.0410226e+05

Inside of minConf_PQN 
 Iteration   FunEvals Projections     Step Length          rNorm2        Opt Cond
       110          1          4     1.00000e+00     1.90807e+01     9.92172e+02
       111          1         10     1.00000e+00     1.79483e+01     6.96583e+02
       112          1         19     1.00000e+00     1.67122e+01     4.35351e+02
       113          1         29     1.00000e+00     1.60825e+01     3.44967e+02
       114          1         40     1.00000e+00     1.56128e+01     2.77019e+02
       115          1         51     1.00000e+00     1.52611e+01     2.23713e+02
       116          1         60     1.00000e+00     1.49932e+01     1.84859e+02
rNorm less than sigma_ref
rNorm less than sigma_ref

 EXIT -- residual less than sigma ref

 Products with A     :     122        Total time   (secs) :   444.1
 Products with A'    :     122        Project time (secs) :   210.1
 Newton iterations   :       5        Mat-vec time (secs) :   256.8

