
 ==================================================================================
 PQNL1_SLIM v. 46  (Tue, 14 Jun 2011) based on v.1017
 ==================================================================================
 No. rows              :      120      No. columns           :      512
 Initial tau           : 0.00e+00      Two-norm of b         : 3.25e+00
 Optimality tol        : 1.00e-04      Target objective      : 1.00e-03
 Basis pursuit tol     : 1.00e-06      Maximum iterations    :      800

     0  3.2525383e+00  0.0000000e+00   1.00e+00  7.184e-01     0.0       0       0  1.4722012e+01

Inside of minConf_PQN 
 Iteration   FunEvals Projections     Step Length          rNorm2        Opt Cond
         1          1          4     1.00000e+00     1.51615e+00     6.43361e+00
         2          1         10     1.00000e+00     1.30526e+00     4.28292e+00
         3          1         19     1.00000e+00     1.07296e+00     2.14236e+00
         4          1         27     1.00000e+00     9.84785e-01     1.53953e+00
         5          1         38     1.00000e+00     8.92701e-01     1.17043e+00
         6          1         47     1.00000e+00     8.46427e-01     7.88007e-01
         7          1         56     1.00000e+00     8.07298e-01     5.34733e-01
         8          1         63     1.00000e+00     7.87522e-01     4.39018e-01
         9          1         72     1.00000e+00     7.71755e-01     3.20790e-01
        10          1         87     1.00000e+00     7.64933e-01     2.31205e-01
        11          1         97     1.00000e+00     7.61536e-01     1.42740e-01
        12          1        107     1.00000e+00     7.59696e-01     8.45191e-02
        13          1        118     1.00000e+00     7.58954e-01     5.86645e-02
break of testUpdateTau
    13  7.5895447e-01  3.1451816e-02   7.58e-01  1.165e-01     0.0      47       0  1.9661355e+01

Inside of minConf_PQN 
 Iteration   FunEvals Projections     Step Length          rNorm2        Opt Cond
        14          1          4     1.00000e+00     2.50738e-01     1.16070e+00
        15          1         10     1.00000e+00     2.25510e-01     8.65531e-01
        16          1         19     1.00000e+00     1.88052e-01     4.98065e-01
        17          1         29     1.00000e+00     1.70101e-01     3.65183e-01
        18          1         39     1.00000e+00     1.53830e-01     2.90205e-01
        19          1         51     1.00000e+00     1.43053e-01     2.41338e-01
        20          1         64     1.00000e+00     1.32840e-01     2.04665e-01
        21          1         76     1.00000e+00     1.26702e-01     1.65265e-01
        22          1         93     1.00000e+00     1.19443e-01     1.64835e-01
        23          1        108     1.00000e+00     1.14326e-01     1.64364e-01
        24          1        132     1.00000e+00     1.06059e-01     1.76594e-01
        25          1        154     1.00000e+00     9.82754e-02     1.69407e-01
        26          1        182     1.00000e+00     9.10125e-02     1.41180e-01
        27          1        194     1.00000e+00     8.64249e-02     1.06456e-01
        28          1        209     1.00000e+00     8.03790e-02     1.05828e-01
        29          1        230     1.00000e+00     7.75048e-02     1.00685e-01
        30          1        255     1.00000e+00     7.22520e-02     9.72797e-02
        31          1        284     1.00000e+00     6.85294e-02     9.69674e-02
        32          1        309     1.00000e+00     6.49125e-02     8.05949e-02
        33          1        330     1.00000e+00     6.18194e-02     6.85990e-02
        34          1        355     1.00000e+00     5.82121e-02     7.25643e-02
        35          1        390     1.00000e+00     5.51721e-02     7.07015e-02
        36          1        419     1.00000e+00     5.22579e-02     5.50505e-02
        37          1        437     1.00000e+00     4.96931e-02     4.27229e-02
        38          1        454     1.00000e+00     4.80291e-02     2.99965e-02
        39          1        469     1.00000e+00     4.72016e-02     2.12644e-02
        40          1        484     1.00000e+00     4.66943e-02     1.63920e-02
        41          1        499     1.00000e+00     4.64388e-02     1.28896e-02
        42          1        511     1.00000e+00     4.62828e-02     9.12332e-03
        43          1        524     1.00000e+00     4.61847e-02     6.68321e-03
        44          1        537     1.00000e+00     4.61414e-02     5.69411e-03
break of testUpdateTau
    44  4.6141355e-02  3.4928462e-03   4.51e-02  6.451e-03     0.0      55       0  1.9984240e+01

Inside of minConf_PQN 
 Iteration   FunEvals Projections     Step Length          rNorm2        Opt Cond
        45          1          4     1.00000e+00     1.38255e-02     6.22701e-02
        46          1         10     1.00000e+00     1.26567e-02     4.66386e-02
        47          1         19     1.00000e+00     1.09354e-02     2.80677e-02
        48          1         29     1.00000e+00     1.00666e-02     2.12687e-02
        49          1         40     1.00000e+00     9.32383e-03     1.60496e-02
        50          1         50     1.00000e+00     8.83654e-03     1.32019e-02
        51          1         63     1.00000e+00     8.38131e-03     1.23664e-02
        52          1         77     1.00000e+00     8.06525e-03     1.12957e-02
        53          1         97     1.00000e+00     7.69637e-03     1.07844e-02
        54          1        109     1.00000e+00     7.47862e-03     8.34323e-03
        55          1        123     1.00000e+00     7.18100e-03     8.99556e-03
        56          1        143     1.00000e+00     6.99041e-03     9.10926e-03
        57          1        159     1.00000e+00     6.72225e-03     8.38490e-03
        58          1        177     1.00000e+00     6.48441e-03     8.39559e-03
        59          1        203     1.00000e+00     6.22701e-03     8.26138e-03
        60          1        231     1.00000e+00     6.03413e-03     7.49776e-03
        61          1        254     1.00000e+00     5.81541e-03     7.18974e-03
        62          1        280     1.00000e+00     5.63309e-03     7.12756e-03
        63          1        312     1.00000e+00     5.42919e-03     7.04550e-03
        64          1        337     1.00000e+00     5.23802e-03     6.94027e-03
        65          1        369     1.00000e+00     5.03327e-03     6.62810e-03
        66          1        407     1.00000e+00     4.86110e-03     6.14244e-03
        67          1        447     1.00000e+00     4.65802e-03     6.51796e-03
        68          1        479     1.00000e+00     4.45236e-03     6.22941e-03
        69          1        505     1.00000e+00     4.24407e-03     5.27379e-03
        70          1        540     1.00000e+00     4.00919e-03     5.70288e-03
        71          1        574     1.00000e+00     3.84168e-03     5.46733e-03
        72          1        604     1.00000e+00     3.54661e-03     5.76230e-03
        73          1        639     1.00000e+00     3.30133e-03     5.72669e-03
        74          1        677     1.00000e+00     3.02769e-03     4.88955e-03
        75          1        707     1.00000e+00     2.81167e-03     3.98353e-03
        76          1        734     1.00000e+00     2.65339e-03     3.13633e-03
        77          1        758     1.00000e+00     2.53183e-03     2.62797e-03
        78          1        781     1.00000e+00     2.46433e-03     2.24089e-03
        79          1        801     1.00000e+00     2.37296e-03     1.88537e-03
        80          1        817     1.00000e+00     2.32467e-03     1.58090e-03
        81          1        838     1.00000e+00     2.24636e-03     1.44681e-03
        82          1        853     1.00000e+00     2.21374e-03     1.31155e-03
        83          1        868     1.00000e+00     2.17847e-03     9.17972e-04
        84          1        884     1.00000e+00     2.15903e-03     6.87697e-04
        85          1        898     1.00000e+00     2.15001e-03     5.44612e-04
        86          1        912     1.00000e+00     2.14380e-03     4.23154e-04
        87          1        926     1.00000e+00     2.13995e-03     3.03141e-04
        88          1        938     1.00000e+00     2.13770e-03     2.22232e-04
break of testUpdateTau
    88  2.1376977e-03  2.0565805e-04   1.14e-03  3.011e-04     0.0      40       0  1.9992318e+01

Inside of minConf_PQN 
 Iteration   FunEvals Projections     Step Length          rNorm2        Opt Cond
        89          1          4     1.00000e+00     1.24796e-03     3.27564e-03
        90          1         10     1.00000e+00     1.19863e-03     2.04148e-03
        91          1         19     1.00000e+00     1.15749e-03     1.06638e-03
        92          1         27     1.00000e+00     1.13734e-03     6.94564e-04
        93          1         36     1.00000e+00     1.12488e-03     5.57168e-04
        94          1         45     1.00000e+00     1.11359e-03     5.11983e-04
        95          1         58     1.00000e+00     1.09985e-03     5.50247e-04
find BP solution

 EXIT -- Found a root

 Products with A     :     100        Total time   (secs) :     3.2
 Products with A'    :     100        Project time (secs) :     3.8
 Newton iterations   :       4        Mat-vec time (secs) :     0.0

