
 ==================================================================================
 SPGL1_SLIM v. 46  (Tue, 14 Jun 2011) based on v.1017
 ==================================================================================
 No. rows              :      120      No. columns           :      512
 Initial tau           : 0.00e+00      Two-norm of b         : 3.25e+00
 Optimality tol        : 1.00e-04      Target objective      : 1.00e-03
 Basis pursuit tol     : 1.00e-06      Maximum iterations    :      800

  Iter      Objective   Relative Gap  Rel Error      gNorm   stepG    nnzX    nnzG            tau
     0  3.2525383e+00  0.0000000e+00   1.00e+00  7.184e-01     0.0       0       0  1.4722012e+01
     1  2.9581095e+00  2.4953314e+00   1.00e+00  6.862e-01    -0.3       4       0
     2  1.3159383e+00  3.8327462e+00   9.99e-01  3.398e-01     0.0     133       0
     3  1.0172827e+00  9.3908416e-01   9.99e-01  1.907e-01     0.0     209       0
     4  9.3196549e-01  7.1827157e-01   9.31e-01  1.675e-01     0.0     147       0
     5  8.8524790e-01  4.1784892e-01   8.84e-01  1.456e-01     0.0     135       0
     6  7.9402043e-01  2.8612777e-01   7.93e-01  1.280e-01     0.0      70       0
     7  8.2440370e-01  8.8189063e-01   8.23e-01  1.731e-01     0.0      60       0
     8  7.8038321e-01  7.2704322e-01   7.79e-01  1.584e-01     0.0      48       0
     9  7.5987389e-01  5.0085109e-02   7.59e-01  1.171e-01     0.0      55       0
    10  7.5910901e-01  4.0783683e-02   7.58e-01  1.162e-01     0.0      53       0
    11  7.5872988e-01  1.8999754e-02   7.58e-01  1.151e-01     0.0      51       0
    12  7.5848322e-01  3.1038210e-02   7.57e-01  1.165e-01     0.0      44       0
    13  7.5866876e-01  7.8643436e-02   7.58e-01  1.196e-01     0.0      44       0
    14  7.5844992e-01  2.0082516e-02   7.57e-01  1.156e-01     0.0      44       0
    15  7.5843358e-01  3.1634313e-03   7.57e-01  1.146e-01     0.0      44       0  1.9735414e+01
    16  2.0432203e-01  2.4317198e-01   2.03e-01  3.062e-02     0.0     320       0
    17  1.7606111e-01  1.0846940e-01   1.75e-01  2.747e-02     0.0     355       0
    18  1.6655683e-01  9.0384796e-02   1.66e-01  2.508e-02     0.0     318       0
    19  1.3914534e-01  7.5810060e-02   1.38e-01  1.997e-02     0.0     243       0
    20  1.4244432e-01  2.0222173e-01   1.41e-01  2.435e-02    -0.3     236       0
    21  1.3109462e-01  1.2223433e-01   1.30e-01  2.240e-02     0.0     267       0
    22  1.1993273e-01  4.1907535e-02   1.19e-01  1.639e-02     0.0     233       0
    23  1.1803181e-01  3.2385297e-02   1.17e-01  1.593e-02     0.0     232       0
    24  1.1347413e-01  2.6707791e-02   1.12e-01  1.497e-02     0.0     221       0
    25  9.4106080e-02  1.2195175e-01   9.31e-02  1.411e-02     0.0     166       0
    26  9.7589093e-02  1.3283536e-01   9.66e-02  1.942e-02    -0.3     187       0
    27  8.5115140e-02  5.9990020e-02   8.41e-02  1.234e-02     0.0     195       0
    28  8.2039894e-02  1.9672196e-02   8.10e-02  1.086e-02     0.0     187       0
    29  8.1279861e-02  1.6471135e-02   8.03e-02  1.055e-02     0.0     182       0
    30  7.8287397e-02  1.4602876e-02   7.73e-02  1.000e-02     0.0     178       0
    31  7.6614451e-02  1.5580957e-01   7.56e-02  1.482e-02     0.0     157       0
    32  6.8111043e-02  3.3939214e-02   6.71e-02  1.072e-02    -0.3     172       0
    33  6.2478261e-02  2.0704458e-02   6.15e-02  8.612e-03     0.0     166       0
    34  6.1343587e-02  1.0976404e-02   6.03e-02  8.166e-03     0.0     164       0
    35  6.0520053e-02  1.4071578e-02   5.95e-02  8.072e-03     0.0     161       0
    36  5.9185353e-02  1.5508156e-02   5.82e-02  8.004e-03     0.0     155       0
    37  5.9780045e-02  5.2899924e-02   5.88e-02  9.374e-03    -0.3     154       0
    38  5.8194398e-02  1.7520598e-02   5.72e-02  8.016e-03     0.0     157       0
    39  5.7135423e-02  1.0691664e-02   5.61e-02  7.445e-03     0.0     154       0
    40  5.6856913e-02  9.5224200e-03   5.59e-02  7.358e-03     0.0     153       0
    41  5.4280322e-02  9.0381121e-03   5.33e-02  6.940e-03     0.0     148       0
    42  5.1314526e-02  7.2510758e-02   5.03e-02  1.012e-02    -0.3     146       0
    43  5.3927362e-02  8.4619946e-02   5.29e-02  9.965e-03    -0.3     143       0
    44  4.7924019e-02  1.0641115e-02   4.69e-02  6.537e-03     0.0     149       0
    45  4.6740952e-02  1.2874829e-02   4.57e-02  6.412e-03     0.0     144       0
    46  4.6498218e-02  8.5015937e-03   4.55e-02  6.170e-03     0.0     144       0
    47  4.5701478e-02  5.1257651e-03   4.47e-02  5.876e-03     0.0     137       0
    48  4.2108899e-02  4.3738848e-02   4.11e-02  7.001e-03     0.0     118       0
    49  4.1494537e-02  2.5512573e-02   4.05e-02  6.808e-03    -0.3     119       0
    50  4.0390583e-02  1.0315627e-02   3.94e-02  5.539e-03     0.0     114       0
    51  4.0124435e-02  4.6191430e-03   3.91e-02  5.310e-03     0.0     115       0
    52  3.9926964e-02  4.2368004e-03   3.89e-02  5.233e-03     0.0     114       0
    53  3.8946450e-02  7.6455820e-03   3.79e-02  5.342e-03     0.0     102       0
    54  4.0046863e-02  4.2825337e-02   3.90e-02  6.926e-03    -0.3     102       0
    55  3.9350197e-02  2.0573870e-02   3.84e-02  6.172e-03     0.0      98       0
    56  3.8016819e-02  5.9219367e-03   3.70e-02  5.146e-03     0.0      97       0
    57  3.7883431e-02  3.6018553e-03   3.69e-02  5.033e-03     0.0      97       0
    58  3.7678349e-02  3.9052588e-03   3.67e-02  5.020e-03     0.0      95       0
    59  3.6875649e-02  2.4439940e-02   3.59e-02  6.195e-03     0.0      51       0
    60  3.6427010e-02  1.5022118e-02   3.54e-02  5.647e-03    -0.3      55       0
    61  3.6036825e-02  3.1666924e-03   3.50e-02  5.072e-03     0.0      56       0
    62  3.6011044e-02  1.9141043e-03   3.50e-02  4.982e-03     0.0      56       0
    63  3.5994489e-02  1.5726954e-03   3.50e-02  4.960e-03     0.0      55       0
    64  3.5973357e-02  1.4200357e-03   3.50e-02  4.939e-03     0.0      53       0
    65  3.5999469e-02  3.4194984e-03   3.50e-02  5.104e-03     0.0      53       0
    66  3.5982146e-02  4.1731163e-03   3.50e-02  5.079e-03     0.0      53       0
    67  3.5963837e-02  4.0748048e-04   3.50e-02  4.915e-03     0.0      53       0
    68  3.5963521e-02  3.3856009e-04   3.50e-02  4.911e-03     0.0      53       0  1.9991433e+01
    69  1.6842579e-02  7.5208829e-02   1.58e-02  3.300e-03     0.0     100       0
    70  1.0791696e-02  9.8224099e-03   9.79e-03  1.939e-03     0.0     123       0
    71  7.1983763e-03  7.0366763e-03   6.20e-03  9.664e-04     0.0     112       0
    72  6.7548635e-03  2.8855493e-03   5.75e-03  8.323e-04     0.0     120       0
    73  6.3004543e-03  1.7153987e-03   5.30e-03  7.617e-04     0.0     126       0
    74  5.7205494e-03  1.9225858e-03   4.72e-03  7.595e-04     0.0     128       0
    75  5.8227406e-03  7.6078721e-03   4.82e-03  8.780e-04    -0.3     129       0
    76  5.5153148e-03  1.8406953e-03   4.52e-03  7.483e-04     0.0     129       0
    77  5.2581754e-03  9.0145443e-04   4.26e-03  6.217e-04     0.0     128       0
    78  5.2111304e-03  9.7449813e-04   4.21e-03  6.319e-04     0.0     129       0
    79  5.1340487e-03  8.6947142e-04   4.13e-03  6.192e-04     0.0     127       0
    80  4.8977057e-03  4.7802331e-03   3.90e-03  8.168e-04     0.0     123       0
    81  4.5160746e-03  2.6026640e-03   3.52e-03  6.299e-04    -0.3     122       0
    82  4.3202979e-03  1.4928117e-03   3.32e-03  5.761e-04     0.0     122       0
    83  4.2627633e-03  7.6711125e-04   3.26e-03  5.263e-04     0.0     120       0
    84  4.2365418e-03  7.5506968e-04   3.24e-03  5.250e-04     0.0     121       0
    85  4.1908756e-03  7.9916590e-04   3.19e-03  5.177e-04     0.0     121       0
    86  4.1948563e-03  3.6699183e-03   3.19e-03  6.571e-04     0.0     117       0
    87  3.9839737e-03  8.3933756e-04   2.98e-03  5.002e-04    -0.3     117       0
    88  3.9463058e-03  6.8564330e-04   2.95e-03  4.867e-04     0.0     117       0
    89  3.9223522e-03  7.1668204e-04   2.92e-03  4.841e-04     0.0     117       0
    90  3.7200135e-03  1.9884605e-03   2.72e-03  5.254e-04     0.0     109       0
    91  3.6832265e-03  1.2264331e-03   2.68e-03  4.884e-04    -0.3     106       0
    92  3.6355053e-03  1.0122702e-03   2.64e-03  4.686e-04     0.0     109       0
    93  3.6160980e-03  6.5750343e-04   2.62e-03  4.486e-04     0.0     106       0
    94  3.5967605e-03  5.4729926e-04   2.60e-03  4.411e-04     0.0     106       0
    95  3.4970818e-03  8.3915000e-04   2.50e-03  4.386e-04     0.0     102       0
    96  3.4934533e-03  1.8382153e-03   2.49e-03  4.957e-04    -0.3     103       0
    97  3.4458115e-03  7.7038495e-04   2.45e-03  4.342e-04     0.0     100       0
    98  3.4193012e-03  5.1958350e-04   2.42e-03  4.207e-04     0.0     103       0
    99  3.4066536e-03  5.0981917e-04   2.41e-03  4.184e-04     0.0     100       0
   100  3.3273156e-03  5.1064929e-04   2.33e-03  4.091e-04     0.0     100       0
   101  3.2868864e-03  1.1519274e-03   2.29e-03  4.338e-04    -0.3      93       0
   102  3.2249758e-03  6.1898584e-04   2.22e-03  4.075e-04    -0.3      98       0
   103  3.2055000e-03  4.9587616e-04   2.21e-03  3.974e-04     0.0      97       0
   104  3.1851456e-03  4.3245279e-04   2.19e-03  3.904e-04     0.0      97       0
   105  3.0967602e-03  1.5040827e-03   2.10e-03  4.263e-04     0.0      88       0
   106  3.0688801e-03  1.4430581e-03   2.07e-03  4.255e-04    -0.3      89       0
   107  3.0205510e-03  4.8395507e-04   2.02e-03  3.748e-04     0.0      87       0
   108  3.0067099e-03  3.8556251e-04   2.01e-03  3.680e-04     0.0      88       0
   109  2.9910114e-03  4.0416589e-04   1.99e-03  3.666e-04     0.0      87       0
   110  2.8333705e-03  1.1757167e-03   1.83e-03  3.863e-04     0.0      83       0
   111  2.8406383e-03  1.0378413e-03   1.84e-03  3.874e-04    -0.3      82       0
   112  2.7942426e-03  1.1765225e-03   1.79e-03  3.817e-04     0.0      81       0
   113  2.7635333e-03  4.2429288e-04   1.76e-03  3.441e-04     0.0      81       0
   114  2.7540181e-03  3.5752674e-04   1.75e-03  3.394e-04     0.0      81       0
   115  2.7145539e-03  3.5352718e-04   1.71e-03  3.328e-04     0.0      79       0
   116  2.6217360e-03  1.8565983e-03   1.62e-03  3.960e-04    -0.3      78       0
   117  2.6149643e-03  1.3312424e-03   1.61e-03  3.782e-04    -0.3      77       0
   118  2.5228476e-03  6.3707475e-04   1.52e-03  3.293e-04     0.0      77       0
   119  2.5042315e-03  3.3178766e-04   1.50e-03  3.118e-04     0.0      77       0
   120  2.4942365e-03  2.9242583e-04   1.49e-03  3.079e-04     0.0      77       0
   121  2.3913104e-03  4.1738277e-04   1.39e-03  2.923e-04     0.0      76       0
   122  2.3921104e-03  1.0285995e-03   1.39e-03  3.484e-04    -0.3      73       0
   123  2.3689615e-03  1.8291121e-03   1.37e-03  3.528e-04    -0.3      75       0
   124  2.3076048e-03  4.3846747e-04   1.31e-03  2.949e-04     0.0      74       0
   125  2.2961944e-03  2.7570150e-04   1.30e-03  2.839e-04     0.0      75       0
   126  2.2860463e-03  2.7200012e-04   1.29e-03  2.824e-04     0.0      75       0
   127  2.1230940e-03  1.7155434e-03   1.12e-03  3.211e-04     0.0      65       0
   128  2.1486227e-03  1.2642408e-03   1.15e-03  3.251e-04    -0.3      65       0
   129  2.1002978e-03  7.9075914e-04   1.10e-03  2.825e-04     0.0      64       0
   130  2.0631893e-03  3.4373777e-04   1.06e-03  2.616e-04     0.0      65       0
   131  2.0560881e-03  2.5753901e-04   1.06e-03  2.562e-04     0.0      65       0
   132  2.0356778e-03  2.5154782e-04   1.04e-03  2.526e-04     0.0      64       0
   133  1.7876913e-03  2.7345014e-03   7.88e-04  3.180e-04     0.0      46       0
   134  1.6629926e-03  1.6037076e-03   6.63e-04  2.855e-04    -0.3      46       0
   135  1.5814464e-03  3.6248683e-04   5.81e-04  2.103e-04     0.0      46       0
   136  1.5623238e-03  2.8932290e-04   5.62e-04  2.042e-04     0.0      46       0
   137  1.5557504e-03  1.8520953e-04   5.56e-04  1.979e-04     0.0      46       0
   138  1.5352782e-03  2.2130470e-04   5.35e-04  1.959e-04     0.0      46       0
   139  1.5605110e-03  1.8818989e-03   5.61e-04  2.755e-04     0.0      45       0
   140  1.4405604e-03  4.5777952e-04   4.41e-04  2.045e-04    -0.3      42       0
   141  1.4128776e-03  2.0434382e-04   4.13e-04  1.855e-04     0.0      42       0
   142  1.4058924e-03  1.8259067e-04   4.06e-04  1.822e-04     0.0      42       0
   143  1.3884416e-03  1.4279122e-04   3.88e-04  1.770e-04     0.0      42       0
   144  1.3935688e-03  9.9488942e-04   3.94e-04  2.162e-04    -0.3      41       0
   145  1.3764568e-03  4.4813598e-04   3.76e-04  1.921e-04    -0.3      41       0
   146  1.3482562e-03  2.0309052e-04   3.48e-04  1.764e-04     0.0      41       0
   147  1.3443701e-03  1.2896825e-04   3.44e-04  1.724e-04     0.0      41       0
   148  1.3310680e-03  1.6015527e-04   3.31e-04  1.724e-04     0.0      40       0
   149  1.2802440e-03  1.1352897e-03   2.80e-04  2.181e-04    -0.3      40       0
   150  1.3176180e-03  2.0408098e-03   3.18e-04  2.578e-04    -0.3      40       0
   151  1.2087333e-03  1.4484455e-04   2.09e-04  1.659e-04     0.0      40       0
   152  1.1980722e-03  1.4270899e-04   1.98e-04  1.622e-04     0.0      40       0
   153  1.1938286e-03  9.7146656e-05   1.94e-04  1.592e-04     0.0      40       0
   154  1.1822811e-03  1.2280450e-04   1.82e-04  1.582e-04     0.0      40       0
   155  1.1912120e-03  6.5941562e-04   1.91e-04  1.953e-04     0.0      40       0
   156  1.1667861e-03  1.8322685e-04   1.67e-04  1.647e-04    -0.3      40       0
   157  1.1637320e-03  8.6145942e-05   1.64e-04  1.594e-04     0.0      40       0
   158  1.1628473e-03  4.2518191e-05   1.63e-04  1.570e-04     0.0      40       0
   159  1.1617377e-03  5.4597505e-05   1.62e-04  1.585e-04     0.0      40       0
   160  1.1617156e-03  1.2320844e-04   1.62e-04  1.611e-04    -0.3      40       0
   161  1.1620574e-03  9.7030951e-05   1.62e-04  1.622e-04     0.0      40       0
   162  1.1608861e-03  2.6627564e-05   1.61e-04  1.574e-04     0.0      40       0
   163  1.1608234e-03  2.2142877e-05   1.61e-04  1.573e-04     0.0      40       0
   164  1.1607020e-03  1.9130887e-05   1.61e-04  1.573e-04     0.0      40       0
   165  1.1605028e-03  1.5448387e-05   1.61e-04  1.583e-04     0.0      40       0
   166  1.1606831e-03  1.0393182e-04   1.61e-04  1.617e-04    -0.3      40       0
   167  1.1604532e-03  5.4390572e-06   1.60e-04  1.575e-04     0.0      40       0
   168  1.1604495e-03  3.7701098e-06   1.60e-04  1.574e-04     0.0      40       0  1.9992616e+01
   169  1.0060586e-03  1.7867595e-04   6.06e-06  1.404e-04     0.0      40       0

 EXIT -- Found a root

 Products with A     :     228        Total time   (secs) :     0.7
 Products with A'    :     170        Project time (secs) :     0.1
 Newton iterations   :       4        Mat-vec time (secs) :     0.2
 Line search its     :      95        Subspace iterations :       0

