
 ==================================================================================
 PQNL1_SLIM v. 46  (Tue, 14 Jun 2011) based on v.1017
 ==================================================================================
 No. rows              :      120      No. columns           :      512
 Initial tau           : 7.75e+000      Two-norm of b         : 1.44e+001
 Optimality tol        : 1.00e-004      Target one-norm of x  : 7.75e+000
 Basis pursuit tol     : 1.00e-006      Maximum iterations    :      100

  Iter      Objective   Relative Gap      gNorm   stepG    nnzX    nnzG
     0  1.4430068e+001  4.7537177e+000  6.38e+001     0.0       0       0
Inside of minConf_PQN 
 Iteration   FunEvals Projections     Step Length          rNorm2        Opt Cond
         1          1          4    1.25000e-001    1.34981e+001    8.72147e+000
         2          1         12    1.00000e+000    5.14167e+000    1.54177e+001
         3          1         19    1.00000e+000    3.16799e+000    1.46422e+001
         4          1         27    1.00000e+000    2.63291e+000    1.40537e+001
         5          1         37    1.00000e+000    2.08065e+000    1.37913e+001
         6          1         48    1.00000e+000    1.59448e+000    1.34328e+001
         7          1         59    1.00000e+000    1.28334e+000    1.32564e+001
         8          1         74    1.00000e+000    1.09970e+000    1.23704e+001
         9          1         92    1.00000e+000    9.68583e-001    1.07326e+001
        10          1        104    1.00000e+000    8.51892e-001    1.12288e+001
        11          1        118    1.00000e+000    7.60728e-001    1.08400e+001
        12          1        132    1.00000e+000    6.87344e-001    9.76039e+000
        13          1        147    1.00000e+000    6.29212e-001    9.45980e+000
        14          1        161    1.00000e+000    5.90916e-001    8.89235e+000
        15          1        180    1.00000e+000    5.43170e-001    8.56448e+000
        16          1        197    1.00000e+000    5.15636e-001    8.52737e+000
        17          1        216    1.00000e+000    4.59266e-001    8.92234e+000
        18          1        231    1.00000e+000    4.31009e-001    8.46963e+000
        19          1        248    1.00000e+000    3.95120e-001    7.68053e+000
        20          1        262    1.00000e+000    3.76696e-001    7.31211e+000
        21          1        291    1.00000e+000    3.52608e-001    7.47057e+000
        22          1        315    1.00000e+000    3.26014e-001    7.72625e+000
        23          1        339    1.00000e+000    3.06008e-001    7.07207e+000
        24          1        356    1.00000e+000    2.86249e-001    6.23395e+000
        25          1        373    1.00000e+000    2.73805e-001    5.88636e+000
        26          1        388    1.00000e+000    2.63115e-001    5.78156e+000
        27          1        407    1.00000e+000    2.51479e-001    5.02749e+000
        28          1        424    1.00000e+000    2.40700e-001    4.91632e+000
        29          1        448    1.00000e+000    2.32258e-001    4.67321e+000
        30          1        466    1.00000e+000    2.22336e-001    4.73141e+000
        31          1        496    1.00000e+000    2.12641e-001    4.80720e+000
        32          1        517    1.00000e+000    2.04171e-001    4.41935e+000
        33          1        536    1.00000e+000    1.95220e-001    4.58799e+000
        34          1        571    1.00000e+000    1.87322e-001    4.82979e+000
        35          1        594    1.00000e+000    1.80443e-001    4.33706e+000
        36          1        610    1.00000e+000    1.72154e-001    3.58085e+000
        37          1        636    1.00000e+000    1.66667e-001    3.40292e+000
        38          1        655    1.00000e+000    1.61215e-001    3.59478e+000
        39          1        665    1.00000e+000    1.56856e-001    2.86064e+000
        40          1        688    1.00000e+000    1.51159e-001    2.50876e+000
        41          1        708    1.00000e+000    1.48009e-001    2.88371e+000
        42          1        726    1.00000e+000    1.44383e-001    2.93367e+000
        43          1        752    1.00000e+000    1.38363e-001    3.44803e+000
        44          1        769    1.00000e+000    1.35415e-001    3.14016e+000
        45          1        790    1.00000e+000    1.30538e-001    2.38927e+000
        46          1        811    1.00000e+000    1.28133e-001    2.20737e+000
        47          1        829    1.00000e+000    1.25422e-001    2.13084e+000
        48          1        856    1.00000e+000    1.23005e-001    2.22789e+000
        49          1        878    1.00000e+000    1.20743e-001    2.22196e+000
        50          1        900    1.00000e+000    1.17781e-001    2.07094e+000
        51          1        922    1.00000e+000    1.15101e-001    2.08074e+000
        52          1        948    1.00000e+000    1.12586e-001    2.12784e+000
        53          1        978    1.00000e+000    1.09726e-001    2.24922e+000
        54          1       1008    1.00000e+000    1.07528e-001    2.06985e+000
        55          1       1033    1.00000e+000    1.04683e-001    1.87264e+000
        56          1       1057    1.00000e+000    1.03273e-001    1.76725e+000
        57          1       1078    1.00000e+000    1.01560e-001    1.55896e+000
        58          1       1105    1.00000e+000    1.00051e-001    1.56454e+000
        59          1       1151    1.00000e+000    9.84677e-002    1.78018e+000
        60          1       1203    1.00000e+000    9.66468e-002    1.95610e+000
        61          1       1232    1.00000e+000    9.44379e-002    1.93283e+000
        62          1       1246    1.00000e+000    9.25454e-002    1.50797e+000
        63          1       1270    1.00000e+000    9.04593e-002    1.29611e+000
        64          1       1296    1.00000e+000    8.83567e-002    1.27946e+000
        65          1       1329    1.00000e+000    8.64750e-002    1.42826e+000
        66          1       1347    1.00000e+000    8.52141e-002    1.31617e+000
        67          1       1361    1.00000e+000    8.33746e-002    1.01608e+000
        68          1       1390    1.00000e+000    8.15697e-002    1.29570e+000
        69          1       1410    1.00000e+000    8.07895e-002    1.14445e+000
        70          1       1436    1.00000e+000    7.93047e-002    1.11522e+000
        71          1       1456    1.00000e+000    7.85478e-002    1.06384e+000
        72          1       1486    1.00000e+000    7.75519e-002    1.08148e+000
        73          1       1509    1.00000e+000    7.65715e-002    1.15362e+000
        74          1       1541    1.00000e+000    7.55737e-002    1.15913e+000
        75          1       1572    1.00000e+000    7.45587e-002    1.12251e+000
        76          1       1594    1.00000e+000    7.37422e-002    9.44610e-001
        77          1       1616    1.00000e+000    7.27421e-002    9.61508e-001
        78          1       1640    1.00000e+000    7.21178e-002    9.87797e-001
        79          1       1669    1.00000e+000    7.07441e-002    1.04638e+000
        80          1       1677    1.00000e+000    7.02431e-002    7.47147e-001
        81          1       1704    1.00000e+000    6.91168e-002    8.66252e-001
        82          1       1725    1.00000e+000    6.86541e-002    8.43554e-001
        83          1       1757    1.00000e+000    6.74943e-002    8.30834e-001
        84          1       1778    1.00000e+000    6.69584e-002    8.21678e-001
        85          1       1810    1.00000e+000    6.61181e-002    7.84104e-001
        86          1       1852    1.00000e+000    6.53259e-002    8.86605e-001
        87          1       1882    1.00000e+000    6.46264e-002    8.72142e-001
        88          1       1922    1.00000e+000    6.35643e-002    1.01658e+000
        89          1       1982    1.00000e+000    6.27850e-002    1.03506e+000
        90          1       2021    1.00000e+000    6.17043e-002    9.34201e-001
        91          1       2048    1.00000e+000    6.08480e-002    8.69228e-001
        92          1       2077    1.00000e+000    6.02118e-002    8.75378e-001
        93          1       2094    1.00000e+000    5.97875e-002    7.56153e-001
        94          1       2114    1.00000e+000    5.92450e-002    6.09372e-001
        95          1       2133    1.00000e+000    5.88564e-002    5.85803e-001
        96          1       2155    1.00000e+000    5.84686e-002    6.58644e-001
        97          1       2189    1.00000e+000    5.80171e-002    7.18490e-001
        98          1       2213    1.00000e+000    5.74425e-002    8.89542e-001
        99          1       2253    1.00000e+000    5.68756e-002    8.43976e-001
       100          1       2295    1.00000e+000    5.59489e-002    7.50813e-001
   100  5.5948905e-002  1.0396989e-001  9.03e-002     0.0     137       0
 ERROR EXIT -- Too many iterations

 Products with A     :     105        Total time   (secs) :     4.9
 Products with A'    :     105        Project time (secs) :     6.8
 Newton iterations   :       0        Mat-vec time (secs) :     0.0

