
 ==================================================================================
 PQNL1_SLIM v. 46  (Tue, 14 Jun 2011) based on v.1017
 ==================================================================================
 No. rows              :      120      No. columns           :      512
 Initial tau           : 2.00e+01      Two-norm of b         : 2.09e+00
 Optimality tol        : 2.00e-03      Target one-norm of x  : 2.00e+01
 Basis pursuit tol     : 1.00e-06      Maximum iterations    :      100

  Iter      Objective   Relative Gap      gNorm   stepG    nnzX    nnzG
     0  2.0858851e+00  3.0475418e+00   3.31e-01     0.0       0       0
Inside of minConf_PQN 
 Iteration   FunEvals Projections     Step Length          rNorm2        Opt Cond
         1          1          4     1.00000e+00     6.89602e-01     3.29443e+00
         2          1         10     1.00000e+00     5.82970e-01     2.08880e+00
         3          1         17     1.00000e+00     4.70543e-01     1.28396e+00
         4          1         25     1.00000e+00     4.09681e-01     9.88985e-01
         5          1         35     1.00000e+00     3.65624e-01     7.93169e-01
         6          1         46     1.00000e+00     3.22909e-01     6.92356e-01
         7          1         59     1.00000e+00     2.96267e-01     5.69287e-01
         8          1         71     1.00000e+00     2.73175e-01     4.14933e-01
         9          1         83     1.00000e+00     2.48670e-01     3.65100e-01
        10          1         97     1.00000e+00     2.31525e-01     3.61758e-01
        11          1        114     1.00000e+00     2.12941e-01     3.76882e-01
        12          1        133     1.00000e+00     1.92264e-01     3.88304e-01
        13          1        152     1.00000e+00     1.72509e-01     3.24251e-01
        14          1        170     1.00000e+00     1.55221e-01     2.47843e-01
        15          1        187     1.00000e+00     1.41106e-01     2.14740e-01
        16          1        211     1.00000e+00     1.26295e-01     2.13602e-01
        17          1        231     1.00000e+00     1.12253e-01     2.23248e-01
        18          1        257     1.00000e+00     9.78956e-02     1.90298e-01
        19          1        277     1.00000e+00     8.32012e-02     1.46220e-01
        20          1        296     1.00000e+00     6.95348e-02     1.38213e-01
        21          1        308     1.00000e+00     6.17466e-02     1.05975e-01
        22          1        328     1.00000e+00     4.82579e-02     8.81266e-02
        23          1        345     1.00000e+00     4.22268e-02     8.27133e-02
        24          1        363     1.00000e+00     3.41677e-02     8.12018e-02
        25          1        391     1.00000e+00     2.62600e-02     7.06317e-02
        26          1        415     1.00000e+00     2.08646e-02     5.12345e-02
        27          1        433     1.00000e+00     1.70048e-02     3.64879e-02
        28          1        452     1.00000e+00     1.35555e-02     3.16364e-02
        29          1        470     1.00000e+00     1.15774e-02     2.25937e-02
        30          1        497     1.00000e+00     8.40157e-03     2.08001e-02
        31          1        523     1.00000e+00     6.75341e-03     1.93206e-02
        32          1        548     1.00000e+00     5.10022e-03     1.48269e-02
        33          1        567     1.00000e+00     3.73807e-03     1.04340e-02
        34          1        593     1.00000e+00     2.86764e-03     6.69051e-03
        35          1        611     1.00000e+00     2.29926e-03     5.21376e-03
        36          1        629     1.00000e+00     1.84542e-03     4.34856e-03
Optimal solution found
    36  1.8454194e-03  1.8612818e-03   2.31e-04     0.0      20       0
 EXIT -- Optimal solution found

 Products with A     :      38        Total time   (secs) :     2.0
 Products with A'    :      38        Project time (secs) :     2.1
 Newton iterations   :       0        Mat-vec time (secs) :     0.0

