
 ==================================================================================
 PQNL1_SLIM v. 46  (Tue, 14 Jun 2011) based on v.1017
 ==================================================================================
 No. rows              :      120      No. columns           :      512
 Initial tau           : 2.00e+01      Two-norm of b         : 4.80e+01
 Optimality tol        : 4.62e-01      Target one-norm of x  : 2.00e+01
 Basis pursuit tol     : 1.00e-06      Maximum iterations    :      100

  Iter      Objective   Relative Gap      gNorm   stepG    nnzX    nnzG
     0  4.8027981e+01  2.8141581e+00   1.62e+02     0.0       0       0
Inside of minConf_PQN 
 Iteration   FunEvals Projections     Step Length          rNorm2        Opt Cond
         1          1          4     2.50000e-01     4.79730e+01     2.50000e+01
         2          1         15     1.00000e+00     1.76554e+01     3.91872e+01
         3          1         25     1.00000e+00     1.40394e+01     3.82925e+01
         4          1         34     1.00000e+00     1.15510e+01     3.68393e+01
         5          1         43     1.00000e+00     9.38622e+00     3.47680e+01
         6          1         53     1.00000e+00     7.94891e+00     3.53900e+01
         7          1         64     1.00000e+00     7.06345e+00     3.43549e+01
         8          1         76     1.00000e+00     6.19247e+00     3.13119e+01
         9          1         86     1.00000e+00     5.61898e+00     3.04457e+01
        10          1         98     1.00000e+00     5.21449e+00     2.91985e+01
        11          1        112     1.00000e+00     4.88235e+00     3.00588e+01
        12          1        130     1.00000e+00     4.58221e+00     2.98299e+01
        13          1        146     1.00000e+00     4.23157e+00     2.91643e+01
        14          1        159     1.00000e+00     3.99194e+00     2.95167e+01
        15          1        179     1.00000e+00     3.65312e+00     2.67820e+01
        16          1        193     1.00000e+00     3.46159e+00     2.57297e+01
        17          1        208     1.00000e+00     3.26807e+00     2.56746e+01
        18          1        222     1.00000e+00     3.09439e+00     2.77712e+01
        19          1        236     1.00000e+00     2.87262e+00     2.58315e+01
        20          1        255     1.00000e+00     2.68470e+00     2.38118e+01
        21          1        284     1.00000e+00     2.51692e+00     2.34085e+01
        22          1        302     1.00000e+00     2.34819e+00     2.24421e+01
        23          1        320     1.00000e+00     2.12880e+00     2.23609e+01
        24          1        346     1.00000e+00     1.96531e+00     2.21569e+01
        25          1        376     1.00000e+00     1.77212e+00     2.05004e+01
        26          1        406     1.00000e+00     1.58177e+00     1.87934e+01
        27          1        440     1.00000e+00     1.42366e+00     1.74269e+01
        28          1        462     1.00000e+00     1.29578e+00     1.46191e+01
        29          1        486     1.00000e+00     1.14708e+00     1.38129e+01
        30          1        511     1.00000e+00     1.00667e+00     1.52688e+01
        31          1        547     1.00000e+00     9.08839e-01     1.37937e+01
        32          1        578     1.00000e+00     7.78550e-01     1.20451e+01
        33          1        612     1.00000e+00     6.75841e-01     9.79912e+00
        34          1        633     1.00000e+00     5.79321e-01     7.25073e+00
        35          1        660     1.00000e+00     5.01803e-01     6.50916e+00
        36          1        691     1.00000e+00     4.24529e-01     6.16289e+00
Optimal solution found
    36  4.2452881e-01  8.8962992e+00   1.12e+00     0.0      20       0
 EXIT -- Optimal solution found

 Products with A     :      40        Total time   (secs) :     2.3
 Products with A'    :      40        Project time (secs) :     2.7
 Newton iterations   :       0        Mat-vec time (secs) :     0.0

