
 ==================================================================================
 PQNL1_SLIM v. 46  (Tue, 14 Jun 2011) based on v.1017
 ==================================================================================
 No. rows              :     2001      No. columns           :     2001
 Initial tau           : 1.25e+01      Two-norm of b         : 2.02e+01
 Optimality tol        : 1.00e-04      Target one-norm of x  : 1.25e+01
 Basis pursuit tol     : 1.00e-06      Maximum iterations    :      100

  Iter      Objective   Relative Gap      gNorm   stepG    nnzX    nnzG
     0  2.0247172e+01  4.1198678e+00   6.73e+01     0.0       0       0
Inside of minConf_PQN 
 Iteration   FunEvals Projections     Step Length          rNorm2        Opt Cond
         1          1          4     2.50000e-01     1.66962e+01     1.56753e+01
         2          1         15     1.00000e+00     4.99802e+00     2.50805e+01
         3          1         29     1.00000e+00     3.53485e+00     2.31824e+01
         4          1         39     1.00000e+00     2.81473e+00     2.26990e+01
         5          1         49     1.00000e+00     2.11985e+00     2.26224e+01
         6          1         61     1.00000e+00     1.47643e+00     2.41174e+01
         7          1         74     1.00000e+00     1.12247e+00     2.42432e+01
         8          1         89     1.00000e+00     9.84948e-01     2.26025e+01
         9          1        106     1.00000e+00     8.18206e-01     2.07266e+01
        10          1        120     1.00000e+00     7.01416e-01     1.81231e+01
        11          1        135     1.00000e+00     5.79422e-01     1.59546e+01
        12          1        150     1.00000e+00     5.09046e-01     1.46484e+01
        13          1        170     1.00000e+00     4.62949e-01     1.09256e+01
        14          1        195     1.00000e+00     4.20451e-01     1.31593e+01
        15          1        214     1.00000e+00     3.89996e-01     1.44728e+01
        16          1        241     1.00000e+00     3.60686e-01     1.53043e+01
        17          1        271     1.00000e+00     3.30606e-01     1.09613e+01
        18          1        299     1.00000e+00     3.08264e-01     8.71089e+00
        19          1        332     1.00000e+00     2.94349e-01     9.58792e+00
        20          1        366     1.00000e+00     2.74656e-01     9.36464e+00
        21          1        400     1.00000e+00     2.53439e-01     8.56936e+00
        22          1        424     1.00000e+00     2.42200e-01     8.51369e+00
        23          1        459     1.00000e+00     2.34458e-01     9.56720e+00
        24          1        502     1.00000e+00     2.25474e-01     9.80444e+00
        25          1        535     1.00000e+00     2.14580e-01     8.59232e+00
        26          1        567     1.00000e+00     2.03476e-01     6.54857e+00
        27          1        605     1.00000e+00     1.95829e-01     5.48842e+00
        28          1        649     1.00000e+00     1.87948e-01     5.78024e+00
        29          1        700     1.00000e+00     1.78068e-01     6.22613e+00
        30          1        736     1.00000e+00     1.70115e-01     5.58613e+00
        31          1        792     1.00000e+00     1.64251e-01     5.01741e+00
        32          1        822     1.00000e+00     1.59550e-01     5.54127e+00
        33          1        871     1.00000e+00     1.54644e-01     5.47130e+00
        34          1        922     1.00000e+00     1.49663e-01     5.70328e+00
        35          1        968     1.00000e+00     1.44782e-01     4.71620e+00
        36          1        982     1.00000e+00     1.42094e-01     3.33363e+00
        37          1       1022     1.00000e+00     1.38984e-01     2.73304e+00
        38          1       1065     1.00000e+00     1.35207e-01     3.06029e+00
        39          1       1117     1.00000e+00     1.30367e-01     3.67349e+00
        40          1       1152     1.00000e+00     1.27745e-01     3.73197e+00
        41          1       1197     1.00000e+00     1.24778e-01     3.81717e+00
        42          1       1245     1.00000e+00     1.22544e-01     3.27935e+00
        43          1       1296     1.00000e+00     1.19288e-01     2.95512e+00
        44          1       1366     1.00000e+00     1.16336e-01     2.90591e+00
        45          1       1460     1.00000e+00     1.13232e-01     2.72773e+00
        46          1       1520     1.00000e+00     1.10879e-01     2.47242e+00
        47          1       1580     1.00000e+00     1.09374e-01     2.77197e+00
        48          1       1625     1.00000e+00     1.07824e-01     3.70979e+00
        49          1       1654     1.00000e+00     1.06736e-01     3.45208e+00
        50          1       1684     1.00000e+00     1.05565e-01     2.92583e+00
        51          1       1722     1.00000e+00     1.03947e-01     2.80807e+00
        52          1       1775     1.00000e+00     1.02183e-01     2.59314e+00
        53          1       1828     1.00000e+00     1.00408e-01     2.35539e+00
        54          1       1896     1.00000e+00     9.85253e-02     2.34986e+00
        55          1       1938     1.00000e+00     9.67678e-02     2.58165e+00
        56          1       1994     1.00000e+00     9.45022e-02     2.76163e+00
        57          1       2040     1.00000e+00     9.26530e-02     2.13371e+00
        58          1       2055     1.00000e+00     9.19939e-02     1.91198e+00
        59          1       2098     1.00000e+00     9.08833e-02     2.12136e+00
        60          1       2167     1.00000e+00     8.92701e-02     2.43368e+00
        61          1       2224     1.00000e+00     8.78012e-02     2.20413e+00
        62          1       2294     1.00000e+00     8.67672e-02     1.84516e+00
        63          1       2352     1.00000e+00     8.52403e-02     1.77712e+00
        64          1       2377     1.00000e+00     8.43084e-02     2.15823e+00
        65          1       2429     1.00000e+00     8.31815e-02     2.24501e+00
        66          1       2484     1.00000e+00     8.17963e-02     2.07704e+00
        67          1       2505     1.00000e+00     8.11301e-02     1.66571e+00
        68          1       2559     1.00000e+00     8.03658e-02     1.45091e+00
        69          1       2593     1.00000e+00     7.97346e-02     1.51629e+00
        70          1       2632     1.00000e+00     7.88495e-02     1.86916e+00
        71          1       2692     1.00000e+00     7.79632e-02     1.72304e+00
        72          1       2753     1.00000e+00     7.70505e-02     1.84626e+00
        73          1       2772     1.00000e+00     7.66926e-02     1.89093e+00
        74          1       2818     1.00000e+00     7.59665e-02     1.90333e+00
        75          1       2848     1.00000e+00     7.52849e-02     1.39817e+00
        76          1       2905     1.00000e+00     7.43823e-02     1.32754e+00
        77          1       2968     1.00000e+00     7.35357e-02     1.62237e+00
        78          1       3030     1.00000e+00     7.26143e-02     1.63465e+00
        79          1       3065     1.00000e+00     7.17329e-02     1.66194e+00
        80          1       3126     1.00000e+00     7.07694e-02     1.56759e+00
        81          1       3161     1.00000e+00     7.02008e-02     1.75042e+00
        82          1       3227     1.00000e+00     6.93964e-02     1.67920e+00
        83          1       3301     1.00000e+00     6.86796e-02     1.56693e+00
        84          1       3368     1.00000e+00     6.80492e-02     1.34448e+00
        85          1       3404     1.00000e+00     6.75573e-02     1.49885e+00
        86          1       3446     1.00000e+00     6.70241e-02     1.40678e+00
        87          1       3513     1.00000e+00     6.62361e-02     1.41159e+00
        88          1       3554     1.00000e+00     6.57017e-02     1.51276e+00
        89          1       3593     1.00000e+00     6.51662e-02     1.52902e+00
        90          1       3649     1.00000e+00     6.46099e-02     1.22316e+00
        91          1       3724     1.00000e+00     6.40205e-02     1.08594e+00
        92          1       3810     1.00000e+00     6.34347e-02     1.31710e+00
        93          1       3874     1.00000e+00     6.29124e-02     1.25535e+00
        94          1       3892     1.00000e+00     6.26434e-02     1.07708e+00
        95          1       3941     1.00000e+00     6.22060e-02     1.53994e+00
        96          1       3993     1.00000e+00     6.19260e-02     1.61633e+00
        97          1       4050     1.00000e+00     6.14632e-02     1.42786e+00
        98          1       4125     1.00000e+00     6.08732e-02     1.20668e+00
        99          1       4150     1.00000e+00     6.06438e-02     8.64098e-01
       100          1       4223     1.00000e+00     6.00366e-02     9.29740e-01
   100  6.0036569e-02  3.1812986e-02   7.81e-03     0.0     498       0
 ERROR EXIT -- Too many iterations

 Products with A     :     104        Total time   (secs) :    21.5
 Products with A'    :     104        Project time (secs) :    26.9
 Newton iterations   :       0        Mat-vec time (secs) :     0.6

