
 ==================================================================================
 SPGL1_SLIM v. 46  (Tue, 14 Jun 2011) based on v.1017
 ==================================================================================
 No. rows              :     2001      No. columns           :     2001
 Initial tau           : 1.25e+01      Two-norm of b         : 2.02e+01
 Optimality tol        : 1.00e-04      Target one-norm of x  : 1.25e+01
 Basis pursuit tol     : 1.00e-06      Maximum iterations    :      100

  Iter      Objective   Relative Gap      gNorm   stepG    nnzX    nnzG
     0  2.0247172e+01  4.1198678e+00   6.73e+01     0.0       0       0
     1  1.6533763e+01  5.0382953e+00   4.97e+01    -0.3      10       0
     2  1.7363021e+01  8.4283738e+00   6.98e+01     0.0     259       0
     3  1.0275311e+01  8.6343325e+00   3.63e+01     0.0     999       0
     4  2.6973809e+00  1.3854694e+01   4.92e+00     0.0    1084       0
     5  2.0697328e+00  7.1957345e+00   2.33e+00     0.0    1045       0
     6  1.8506066e+00  7.1079084e+00   1.85e+00     0.0    1026       0
     7  1.3803856e+00  1.5022301e+01   1.71e+00     0.0     931       0
     8  1.7760088e+00  4.2543255e+01   5.66e+00     0.0     944       0
     9  1.7163104e+00  3.6646686e+01   4.90e+00     0.0     908       0
    10  1.0135035e+00  7.5822607e+00   9.31e-01     0.0     877       0
    11  9.7059133e-01  3.5085230e+00   6.32e-01     0.0     870       0
    12  9.3675692e-01  2.8721366e+00   5.59e-01     0.0     864       0
    13  7.0100464e-01  7.8680184e+00   8.56e-01     0.0     794       0
    14  7.2715307e-01  1.2541103e+01   1.15e+00    -0.3     787       0
    15  6.6457219e-01  6.5112654e+00   7.42e-01     0.0     780       0
    16  6.4329351e-01  1.7894622e+00   3.29e-01     0.0     784       0
    17  6.3519000e-01  1.4984094e+00   3.03e-01     0.0     780       0
    18  5.4608312e-01  1.8322722e+00   3.04e-01     0.0     747       0
    19  5.5573919e-01  9.1173324e+00   9.33e-01    -0.3     736       0
    20  5.8469419e-01  1.1534330e+01   1.01e+00     0.0     727       0
    21  5.1347892e-01  1.5748097e+00   2.81e-01     0.0     727       0
    22  5.0888919e-01  1.0493924e+00   2.29e-01     0.0     726       0
    23  5.0078833e-01  1.1652118e+00   2.35e-01     0.0     724       0
    24  4.1502181e-01  8.0838603e+00   6.46e-01     0.0     631       0
    25  4.8398541e-01  9.1952600e+00   1.10e+00    -0.3     648       0
    26  3.7473762e-01  3.1650786e+00   3.19e-01     0.0     640       0
    27  3.6183199e-01  9.3145569e-01   1.87e-01     0.0     641       0
    28  3.5902560e-01  6.9170774e-01   1.57e-01     0.0     640       0
    29  3.4806505e-01  6.9575859e-01   1.41e-01     0.0     636       0
    30  3.5263699e-01  4.1720009e+00   4.11e-01    -0.3     635       0
    31  3.4708537e-01  4.1254712e+00   4.35e-01    -0.3     633       0
    32  3.3402166e-01  9.3588563e-01   1.51e-01     0.0     632       0
    33  3.3264075e-01  6.1706456e-01   1.30e-01     0.0     629       0
    34  3.2992948e-01  5.7550845e-01   1.28e-01     0.0     626       0
    35  2.7417857e-01  3.1603575e+00   2.78e-01     0.0     596       0
    36  2.9789392e-01  5.2141079e+00   5.95e-01    -0.3     605       0
    37  2.6627941e-01  1.6434413e+00   1.81e-01     0.0     599       0
    38  2.6144268e-01  3.6635540e-01   9.71e-02     0.0     602       0
    39  2.6055000e-01  3.9223564e-01   9.62e-02     0.0     601       0
    40  2.5646379e-01  3.4474444e-01   8.86e-02     0.0     601       0
    41  2.5496279e-01  9.4557474e-01   1.29e-01    -0.3     601       0
    42  2.5453840e-01  1.3620885e+00   1.73e-01    -0.3     601       0
    43  2.5227589e-01  5.9481070e-01   1.03e-01     0.0     599       0
    44  2.5156965e-01  3.6967832e-01   8.69e-02     0.0     599       0
    45  2.5040430e-01  4.1495572e-01   9.00e-02     0.0     600       0
    46  2.4464338e-01  5.0977613e+00   4.69e-01     0.0     594       0
    47  2.2467673e-01  6.7859582e-01   1.19e-01    -0.3     592       0
    48  2.2087844e-01  4.2093676e-01   8.58e-02     0.0     595       0
    49  2.1996550e-01  2.9956951e-01   7.47e-02     0.0     594       0
    50  2.1772290e-01  3.9163587e-01   7.68e-02     0.0     593       0
    51  2.1859280e-01  1.3119359e+00   1.58e-01    -0.3     591       0
    52  2.1985546e-01  2.5908530e+00   2.55e-01    -0.3     588       0
    53  2.1330569e-01  5.0137780e-01   8.49e-02     0.0     589       0
    54  2.1274159e-01  2.4477866e-01   6.53e-02     0.0     588       0
    55  2.1215685e-01  2.6909612e-01   6.72e-02     0.0     587       0
    56  1.8699314e-01  1.2902029e+00   1.50e-01     0.0     568       0
    57  1.8792011e-01  1.1496563e+00   1.33e-01    -0.3     570       0
    58  1.8461757e-01  9.9035497e-01   1.19e-01     0.0     571       0
    59  1.8263922e-01  3.1162808e-01   6.16e-02     0.0     570       0
    60  1.8231813e-01  2.1938772e-01   5.43e-02     0.0     570       0
    61  1.8128262e-01  3.0331160e-01   6.08e-02     0.0     568       0
    62  1.8124721e-01  1.6502579e+00   1.64e-01    -0.3     566       0
    63  1.7744663e-01  4.2988364e-01   7.01e-02    -0.3     563       0
    64  1.7687727e-01  2.4576133e-01   5.47e-02     0.0     562       0
    65  1.7653602e-01  2.0074016e-01   5.08e-02     0.0     562       0
    66  1.7461777e-01  1.8268249e-01   4.84e-02     0.0     560       0
    67  1.7418639e-01  1.0156395e+00   1.14e-01    -0.3     560       0
    68  1.7255638e-01  2.2313239e-01   5.44e-02    -0.3     559       0
    69  1.7213409e-01  2.2975755e-01   5.19e-02     0.0     559       0
    70  1.7172082e-01  1.6789118e-01   4.73e-02     0.0     558       0
    71  1.7055323e-01  5.1746922e-01   7.17e-02     0.0     555       0
    72  1.6994752e-01  2.0392372e-01   5.02e-02    -0.3     554       0
    73  1.6964253e-01  2.1204724e-01   4.91e-02     0.0     553       0
    74  1.6928739e-01  1.5740207e-01   4.55e-02     0.0     553       0
    75  1.6772736e-01  7.5161701e-01   8.84e-02     0.0     552       0
    76  1.6789262e-01  9.1977735e-01   1.11e-01    -0.3     555       0
    77  1.6642424e-01  2.5054144e-01   5.05e-02     0.0     553       0
    78  1.6617197e-01  1.6750499e-01   4.51e-02     0.0     553       0
    79  1.6583272e-01  1.7423216e-01   4.56e-02     0.0     552       0
    80  1.5648615e-01  1.2597854e+00   1.32e-01     0.0     548       0
    81  1.5600312e-01  5.7804416e-01   7.77e-02    -0.3     547       0
    82  1.5379873e-01  2.8291899e-01   5.37e-02     0.0     547       0
    83  1.5340999e-01  1.5244435e-01   4.08e-02     0.0     547       0
    84  1.5320586e-01  1.3369280e-01   3.93e-02     0.0     548       0
    85  1.5100536e-01  4.3585159e-01   6.26e-02     0.0     548       0
    86  1.5168144e-01  1.0362930e+00   1.13e-01    -0.3     550       0
    87  1.5113372e-01  9.4087959e-01   9.80e-02     0.0     548       0
    88  1.4990156e-01  1.3511286e-01   3.87e-02     0.0     551       0
    89  1.4975337e-01  1.3452651e-01   3.78e-02     0.0     551       0
    90  1.4928153e-01  1.2993944e-01   3.78e-02     0.0     552       0
    91  1.4184535e-01  2.4645949e+00   1.91e-01     0.0     531       0
    92  1.4353414e-01  2.3609324e+00   2.53e-01    -0.3     537       0
    93  1.3024195e-01  5.5683388e-01   6.37e-02     0.0     535       0
    94  1.2918912e-01  1.4616867e-01   3.48e-02     0.0     535       0
    95  1.2886922e-01  1.3050127e-01   3.23e-02     0.0     535       0
    96  1.2795830e-01  3.5162678e-01   5.08e-02     0.0     535       0
    97  1.2761516e-01  1.6230212e-01   3.26e-02    -0.3     535       0
    98  1.2743606e-01  8.4504038e-02   2.76e-02     0.0     534       0
    99  1.2726152e-01  1.1640971e-01   2.95e-02     0.0     534       0
   100  1.2698293e-01  2.7878002e-01   4.46e-02     0.0     534       0

 ERROR EXIT -- Too many iterations

 Products with A     :     141        Total time   (secs) :     1.1
 Products with A'    :     101        Project time (secs) :     0.1
 Newton iterations   :       0        Mat-vec time (secs) :     0.7
 Line search its     :      78        Subspace iterations :       0

