
 ==================================================================================
 SPGL1_SLIM v. 46  (Tue, 14 Jun 2011) based on v.1017
 ==================================================================================
 No. rows              :    12800      No. columns           :    73051
 Initial tau           : 1.54e+03      Two-norm of b         : 2.31e+01
 Optimality tol        : 1.00e-04      Target one-norm of x  : 1.54e+03
 Basis pursuit tol     : 1.00e-06      Maximum iterations    :      200

  Iter      Objective   Relative Gap      gNorm   stepG    nnzX    nnzG
     0  2.3126760e+01  1.0399333e+01   1.80e+00     0.0       0       0
     1  1.9187984e+01  2.6901769e+01   2.89e+00     0.0   24100       0
     2  1.1299626e+01  5.5135494e+01   2.30e+00     0.0   59892       0
     3  4.7617548e+00  6.8765590e+01   5.25e-01     0.0   55302       0
     4  4.0016040e+00  4.2363879e+01   2.46e-01     0.0   51690       0
     5  3.5517762e+00  4.3366679e+01   2.01e-01     0.0   47452       0
     6  2.4128803e+00  8.7511820e+01   1.85e-01     0.0   35355       0
     7  2.8427305e+00  2.1256005e+02   5.61e-01    -0.3   33504       0
     8  2.2249560e+00  1.9248100e+02   3.25e-01     0.0   35020       0
     9  1.8922034e+00  2.3700247e+01   4.14e-02     0.0   33263       0
    10  1.8447486e+00  2.3629100e+01   3.99e-02     0.0   32702       0
    11  1.5219412e+00  2.4038630e+01   3.07e-02     0.0   29440       0
    12  1.5929406e+00  1.8426199e+02   1.56e-01    -0.3   27090       0
    13  1.7378720e+00  2.9726508e+02   3.03e-01    -0.3   30871       0
    14  1.2190945e+00  1.2012525e+02   8.69e-02     0.0   28583       0
    15  1.1580183e+00  1.6800950e+01   2.01e-02     0.0   27887       0
    16  1.1372817e+00  1.6618084e+01   1.97e-02     0.0   27464       0
    17  9.4765040e-01  7.8809468e+01   5.85e-02     0.0   25191       0
    18  1.1039785e+00  3.3904339e+02   2.26e-01    -0.3   25910       0
    19  9.5146789e-01  2.2998387e+02   1.56e-01     0.0   25919       0
    20  8.5967934e-01  1.1275126e+01   1.41e-02     0.0   25553       0
    21  8.5018522e-01  1.0951141e+01   1.39e-02     0.0   25392       0
    22  7.9147922e-01  1.5529678e+01   1.64e-02     0.0   24777       0
    23  8.0532556e-01  1.6896631e+02   1.14e-01    -0.3   23795       0
    24  6.8297760e-01  5.4127096e+01   4.04e-02    -0.3   24513       0
    25  6.5044923e-01  1.5832357e+01   1.53e-02     0.0   24244       0
    26  6.3821532e-01  9.5994599e+00   1.13e-02     0.0   24066       0
    27  6.1430196e-01  2.4321497e+01   2.06e-02     0.0   23719       0
    28  6.1575588e-01  1.1790934e+02   8.11e-02    -0.3   23507       0
    29  5.8951121e-01  5.9909030e+01   4.34e-02    -0.3   23482       0
    30  5.7724310e-01  7.3111835e+00   9.34e-03     0.0   23407       0
    31  5.7270073e-01  7.1585919e+00   9.21e-03     0.0   23375       0
    32  5.1401213e-01  1.5841648e+01   1.44e-02     0.0   22968       0
    33  5.2466361e-01  1.2694141e+02   8.60e-02    -0.3   23052       0
    34  5.1724418e-01  1.4283605e+02   9.64e-02    -0.3   23124       0
    35  4.7629091e-01  1.9476349e+01   1.64e-02     0.0   22979       0
    36  4.7237873e-01  5.8946878e+00   7.59e-03     0.0   22924       0
    37  4.6432186e-01  5.6313695e+00   7.36e-03     0.0   22838       0
    38  3.7874733e-01  1.0500464e+02   7.05e-02     0.0   21771       0
    39  3.6221495e-01  9.3081481e+01   6.30e-02    -0.3   22052       0
    40  3.2592385e-01  1.2446331e+01   1.06e-02     0.0   21926       0
    41  3.2270199e-01  3.9978697e+00   5.14e-03     0.0   21918       0
    42  3.1581660e-01  4.3471710e+00   5.32e-03     0.0   21897       0
    43  2.9461234e-01  3.9312040e+01   2.77e-02     0.0   21850       0
    44  3.1996672e-01  1.1284741e+02   7.54e-02    -0.3   21931       0
    45  2.8210030e-01  2.3792089e+01   1.76e-02     0.0   21834       0
    46  2.7843290e-01  3.3636523e+00   4.40e-03     0.0   21819       0
    47  2.7663242e-01  3.2220477e+00   4.29e-03     0.0   21807       0
    48  2.3862066e-01  1.3656723e+01   1.07e-02     0.0   21517       0
    49  2.5377239e-01  4.8358002e+01   3.32e-02    -0.3   21665       0
    50  2.3648550e-01  3.2183563e+01   2.26e-02     0.0   21597       0
    51  2.2657096e-01  2.5526520e+00   3.46e-03     0.0   21551       0
    52  2.2539140e-01  2.5311496e+00   3.43e-03     0.0   21540       0
    53  2.1403479e-01  6.8326106e+00   6.15e-03     0.0   21460       0
    54  2.1816681e-01  3.7445359e+01   2.59e-02    -0.3   21499       0
    55  2.0791282e-01  1.8774640e+01   1.38e-02    -0.3   21454       0
    56  2.0485129e-01  2.2679201e+00   3.10e-03     0.0   21432       0
    57  2.0371230e-01  2.2307441e+00   3.07e-03     0.0   21421       0
    58  1.9001920e-01  3.7244407e+00   3.94e-03     0.0   21338       0
    59  1.9875419e-01  2.7546418e+01   1.92e-02    -0.3   21348       0
    60  1.9089084e-01  2.9003518e+01   2.02e-02    -0.3   21421       0
    61  1.7887002e-01  6.8861258e+00   5.88e-03     0.0   21312       0
    62  1.7738017e-01  1.9747368e+00   2.69e-03     0.0   21308       0
    63  1.7583683e-01  1.8985490e+00   2.63e-03     0.0   21297       0
    64  1.6254240e-01  1.8754191e+01   1.34e-02     0.0   21146       0
    65  1.6886629e-01  3.6972011e+01   2.52e-02    -0.3   21211       0
    66  1.5388138e-01  8.2658607e+00   6.57e-03     0.0   21157       0
    67  1.5254580e-01  1.5601425e+00   2.23e-03     0.0   21164       0
    68  1.5154047e-01  1.9052912e+00   2.44e-03     0.0   21157       0
    69  1.3663101e-01  3.3574075e+01   2.27e-02     0.0   20996       0
    70  1.2849420e-01  2.3286107e+01   1.61e-02    -0.3   21076       0
    71  1.2116656e-01  3.3466858e+00   3.13e-03     0.0   21039       0
    72  1.2032182e-01  1.5296964e+00   1.95e-03     0.0   21032       0
    73  1.1730095e-01  1.6096422e+00   1.98e-03     0.0   21016       0
    74  1.1293195e-01  1.4118071e+01   1.00e-02     0.0   20986       0
    75  1.1258924e-01  1.8158688e+01   1.26e-02    -0.3   20959       0
    76  1.0716189e-01  3.6993230e+00   3.25e-03     0.0   20960       0
    77  1.0655053e-01  1.1391366e+00   1.59e-03     0.0   20956       0
    78  1.0553012e-01  1.1285701e+00   1.57e-03     0.0   20954       0
    79  9.0111098e-02  1.6137946e+01   1.11e-02     0.0   20845       0
    80  8.9051828e-02  1.4461217e+01   1.01e-02    -0.3   20871       0
    81  8.5016168e-02  3.2986699e+00   2.81e-03     0.0   20842       0
    82  8.4424113e-02  8.9899480e-01   1.26e-03     0.0   20837       0
    83  8.3524051e-02  8.9248022e-01   1.24e-03     0.0   20832       0
    84  7.8932325e-02  9.8103766e+00   6.94e-03     0.0   20790       0
    85  7.6643636e-02  6.6439142e+00   4.91e-03    -0.3   20793       0
    86  7.4596043e-02  2.0857835e+00   1.94e-03     0.0   20782       0
    87  7.4118933e-02  9.2611347e-01   1.19e-03     0.0   20782       0
    88  7.2795028e-02  8.4211932e-01   1.12e-03     0.0   20781       0
    89  6.9036462e-02  1.5907669e+01   1.08e-02     0.0   20731       0
    90  6.6953151e-02  1.0689018e+01   7.45e-03    -0.3   20737       0
    91  6.5156930e-02  1.9230790e+00   1.77e-03     0.0   20727       0
    92  6.4837493e-02  6.9144312e-01   9.65e-04     0.0   20732       0
    93  6.3107641e-02  1.2833781e+00   1.33e-03     0.0   20728       0
    94  6.3150915e-02  1.7881771e+01   1.21e-02    -0.3   20730       0
    95  5.9854465e-02  3.9814171e+00   3.06e-03    -0.3   20723       0
    96  5.9154001e-02  6.1362487e-01   8.70e-04     0.0   20722       0
    97  5.8701785e-02  7.1046964e-01   9.28e-04     0.0   20713       0
    98  5.5476134e-02  4.3794590e+00   3.27e-03     0.0   20694       0
    99  5.5586235e-02  9.1076433e+00   6.34e-03    -0.3   20688       0
   100  5.4395431e-02  3.9461109e+00   2.99e-03     0.0   20688       0
   101  5.3971043e-02  9.2707002e-01   1.03e-03     0.0   20685       0
   102  5.3721412e-02  5.7471950e-01   8.00e-04     0.0   20682       0
   103  4.9422935e-02  5.2880131e+00   3.82e-03     0.0   20659       0
   104  4.9941862e-02  1.0778796e+01   7.37e-03    -0.3   20658       0
   105  4.8502245e-02  4.1336848e+00   3.06e-03     0.0   20654       0
   106  4.8171977e-02  5.0968139e-01   7.14e-04     0.0   20655       0
   107  4.7945671e-02  5.0750159e-01   7.11e-04     0.0   20654       0
   108  4.0413903e-02  7.4644609e+00   5.15e-03     0.0   20602       0
   109  4.7053124e-02  2.3746073e+01   1.57e-02    -0.3   20608       0
   110  3.8827223e-02  2.6036774e+00   1.99e-03     0.0   20596       0
   111  3.8531485e-02  4.2560068e-01   5.82e-04     0.0   20596       0
   112  3.8333496e-02  4.1570871e-01   5.74e-04     0.0   20595       0
   113  3.3664126e-02  7.0737282e+00   4.84e-03     0.0   20580       0
   114  3.5369465e-02  1.0647240e+01   7.15e-03    -0.3   20585       0
   115  3.1670715e-02  1.5923816e+00   1.28e-03     0.0   20572       0
   116  3.1476790e-02  3.0595675e-01   4.48e-04     0.0   20572       0
   117  3.1228489e-02  3.1190332e-01   4.50e-04     0.0   20571       0
   118  2.8934133e-02  4.3298287e+00   3.02e-03     0.0   20543       0
   119  2.9942662e-02  7.8270654e+00   5.29e-03    -0.3   20542       0
   120  2.7073784e-02  1.6098136e+00   1.26e-03     0.0   20542       0
   121  2.6833512e-02  3.0525079e-01   4.10e-04     0.0   20542       0
   122  2.6644622e-02  2.9944621e-01   4.05e-04     0.0   20544       0
   123  2.5088942e-02  2.6384847e+00   1.90e-03     0.0   20533       0
   124  2.6479384e-02  6.9885289e+00   4.72e-03    -0.3   20532       0
   125  2.4278934e-02  2.4358682e+00   1.77e-03     0.0   20531       0
   126  2.3983912e-02  2.3955255e-01   3.45e-04     0.0   20531       0
   127  2.3878231e-02  2.3875427e-01   3.44e-04     0.0   20531       0
   128  2.1637290e-02  2.2889672e+00   1.65e-03     0.0   20519       0
   129  2.2224975e-02  5.6156952e+00   3.80e-03    -0.3   20516       0
   130  2.1060746e-02  3.0241965e+00   2.12e-03     0.0   20517       0
   131  2.0577036e-02  2.3458192e-01   3.15e-04     0.0   20517       0
   132  2.0486737e-02  2.2819437e-01   3.10e-04     0.0   20516       0
   133  1.9336939e-02  9.4588007e-01   7.66e-04     0.0   20514       0
   134  1.9560001e-02  3.4650405e+00   2.39e-03    -0.3   20515       0
   135  1.9354712e-02  3.6988499e+00   2.54e-03     0.0   20513       0
   136  1.8707191e-02  3.1354222e-01   3.52e-04     0.0   20513       0
   137  1.8639232e-02  1.8202327e-01   2.66e-04     0.0   20511       0
   138  1.8110330e-02  2.3238389e-01   2.95e-04     0.0   20510       0
   139  1.8338963e-02  4.9841844e+00   3.34e-03    -0.3   20505       0
   140  1.6818182e-02  3.8297088e+00   2.60e-03    -0.3   20499       0
   141  1.4824412e-02  5.2013829e-01   4.54e-04     0.0   20501       0
   142  1.4708653e-02  1.4474417e-01   2.10e-04     0.0   20501       0
   143  1.4507269e-02  1.5698889e-01   2.17e-04     0.0   20501       0
   144  1.3757586e-02  1.2658429e+00   9.23e-04     0.0   20498       0
   145  1.3375222e-02  9.7598736e-01   7.39e-04    -0.3   20494       0
   146  1.3126978e-02  2.1464811e-01   2.43e-04     0.0   20495       0
   147  1.3049646e-02  1.3993832e-01   1.94e-04     0.0   20497       0
   148  1.2858846e-02  1.3039969e-01   1.86e-04     0.0   20498       0
   149  1.2814959e-02  3.7833743e+00   2.54e-03     0.0   20499       0
   150  1.2357169e-02  2.3840907e+00   1.64e-03    -0.3   20498       0
   151  1.1692501e-02  2.5932621e-01   2.61e-04     0.0   20498       0
   152  1.1640795e-02  1.1891034e-01   1.70e-04     0.0   20498       0
   153  1.1408588e-02  1.1801788e-01   1.67e-04     0.0   20499       0
   154  1.1644042e-02  2.1950720e+00   1.50e-03     0.0   20488       0
   155  1.0232302e-02  4.3553165e-01   3.64e-04    -0.3   20484       0
   156  9.9929453e-03  1.1846929e-01   1.56e-04     0.0   20483       0
   157  9.8524248e-03  9.4699798e-02   1.40e-04     0.0   20484       0
   158  9.5452698e-03  6.5936251e-01   5.02e-04     0.0   20481       0
   159  9.4645867e-03  4.7912712e-01   3.85e-04    -0.3   20482       0
   160  9.3959115e-03  4.5065204e-01   3.66e-04     0.0   20483       0
   161  9.3397462e-03  2.4167163e-01   2.31e-04     0.0   20483       0
   162  9.2694875e-03  4.6025905e-01   3.71e-04     0.0   20483       0
   163  9.2480403e-03  1.4095689e+00   9.86e-04     0.0   20480       0
   164  9.1041473e-03  4.9594066e-01   3.93e-04    -0.3   20479       0
   165  9.0603072e-03  9.1003244e-02   1.31e-04     0.0   20479       0
   166  9.0057638e-03  9.0554444e-02   1.30e-04     0.0   20481       0
   167  8.2249995e-03  2.5872041e+00   1.74e-03     0.0   20467       0
   168  8.0549056e-03  1.8825064e+00   1.28e-03    -0.3   20467       0
   169  7.7560348e-03  1.2769862e-01   1.44e-04     0.0   20467       0
   170  7.7300128e-03  7.9709090e-02   1.13e-04     0.0   20467       0
   171  7.4401448e-03  1.4005787e-01   1.50e-04     0.0   20468       0
   172  7.3685191e-03  1.4893043e+00   1.02e-03    -0.3   20465       0
   173  7.0719070e-03  3.2602893e-01   2.67e-04    -0.3   20464       0
   174  6.9939953e-03  8.4598096e-02   1.10e-04     0.0   20463       0
   175  6.9486135e-03  7.2918519e-02   1.02e-04     0.0   20463       0
   176  6.7013124e-03  2.4441948e-01   2.11e-04     0.0   20459       0
   177  6.8177007e-03  1.2502692e+00   8.62e-04    -0.3   20458       0
   178  6.9402832e-03  1.8155854e+00   1.23e-03     0.0   20458       0
   179  6.4857552e-03  1.8026101e-01   1.68e-04     0.0   20458       0
   180  6.4606130e-03  6.4534094e-02   9.31e-05     0.0   20458       0
   181  6.3865164e-03  6.4597297e-02   9.26e-05     0.0   20458       0
   182  5.3486875e-03  1.9104187e+00   1.27e-03     0.0   20445       0
   183  4.6561507e-03  1.1406764e+00   7.75e-04    -0.3   20445       0
   184  4.3090907e-03  9.1753765e-02   9.38e-05     0.0   20445       0
   185  4.2779318e-03  5.2202140e-02   6.79e-05     0.0   20445       0
   186  4.1771865e-03  7.6998377e-02   8.30e-05     0.0   20445       0
   187  4.2495072e-03  7.9305099e-01   5.45e-04     0.0   20444       0
   188  3.9356648e-03  2.5805297e-01   1.98e-04    -0.3   20444       0
   189  3.8746341e-03  5.9374355e-02   6.93e-05     0.0   20444       0
   190  3.8413499e-03  3.8594000e-02   5.55e-05     0.0   20444       0
   191  3.7409721e-03  2.9851132e-01   2.23e-04     0.0   20444       0
   192  3.7115441e-03  2.0028697e-01   1.59e-04    -0.3   20444       0
   193  3.6847311e-03  1.6657882e-01   1.37e-04     0.0   20444       0
   194  3.6632560e-03  7.2080013e-02   7.57e-05     0.0   20444       0
   195  3.6360742e-03  1.6606497e-01   1.36e-04     0.0   20443       0
   196  3.6265958e-03  5.3448344e-01   3.74e-04     0.0   20443       0
   197  3.6620525e-03  8.6832403e-01   5.91e-04     0.0   20442       0
   198  3.5442009e-03  9.1202647e-02   8.71e-05     0.0   20442       0
   199  3.5309675e-03  3.6203432e-02   5.15e-05     0.0   20442       0
   200  3.4962443e-03  3.4173601e-02   4.99e-05     0.0   20443       0

 ERROR EXIT -- Too many iterations

 Products with A     :     283        Total time   (secs) :    18.1
 Products with A'    :     201        Project time (secs) :     2.1
 Newton iterations   :       0        Mat-vec time (secs) :    14.0
 Line search its     :     168        Subspace iterations :       0

