
 ==================================================================================
 SPGL1_SLIM v. 46  (Tue, 14 Jun 2011) based on v.1017
 ==================================================================================
 No. rows              :    12800      No. columns           :    73051
 Initial tau           : 2.66e+03      Two-norm of b         : 1.02e+01
 Optimality tol        : 1.00e-04      Target one-norm of x  : 2.66e+03
 Basis pursuit tol     : 1.00e-06      Maximum iterations    :      200

  Iter      Objective   Relative Gap      gNorm   stepG    nnzX    nnzG
     0  1.0230912e+01  7.6627390e+01   1.51e+00     0.0       0       0
     1  6.9909119e+00  1.7765174e+02   1.60e+00    -0.3   61981       0
     2  2.5564723e+00  5.5476398e+02   6.84e-01     0.0   59475       0
     3  1.2366933e+00  2.4195430e+02   9.17e-02     0.0   59357       0
     4  9.8198786e-01  1.6594192e+02   6.33e-02     0.0   59362       0
     5  6.0152896e-01  7.9414292e+01   3.03e-02     0.0   59641       0
     6  3.3677582e-01  2.0166922e+02   7.59e-02     0.0   59812       0
     7  9.0294305e-01  8.6560698e+02   3.24e-01     0.0   60369       0
     8  2.2908017e-01  5.9520133e+01   2.25e-02     0.0   59787       0
     9  2.2006013e-01  5.1704971e+00   2.00e-03     0.0   59794       0
    10  2.1925772e-01  3.9305685e+00   1.51e-03     0.0   59803       0
    11  2.1832621e-01  1.5474230e+00   5.87e-04     0.0   59844       0
    12  2.1810097e-01  2.0511721e+00   7.80e-04     0.0   59858       0
    13  2.1812954e-01  2.4803590e+00   9.24e-04     0.0   59860       0
    14  2.1799542e-01  2.7273741e-01   1.03e-04     0.0   59864       0
    15  2.1799271e-01  1.3936520e-01   5.33e-05     0.0   59872       0
    16  2.1799184e-01  1.1608352e-01   4.42e-05     0.0   59874       0
    17  2.1799131e-01  2.6105742e-01   9.82e-05     0.0   59877       0
    18  2.1799163e-01  5.3723324e-01   2.02e-04     0.0   59875       0
    19  2.1799095e-01  1.2094170e-01   4.54e-05     0.0   59876       0
    20  2.1799090e-01  1.7359177e-02   6.64e-06     0.0   59876       0
    21  2.1799089e-01  1.4361747e-02   5.49e-06     0.0   59876       0
    22  2.1799086e-01  3.1559686e-03   1.19e-06     0.0   59876       0
    23  2.1799086e-01  1.9260115e-02   7.20e-06     0.0   59876       0
    24  2.1799086e-01  1.8876095e-03   7.09e-07     0.0   59876       0
    25  2.1799086e-01  1.6447131e-04   6.11e-08     0.0   59876       0
    26  2.1799086e-01  3.7609940e-05   1.40e-08     0.0   59876       0

 EXIT -- Optimal solution found

 Products with A     :      28        Total time   (secs) :     1.8
 Products with A'    :      27        Project time (secs) :     0.0
 Newton iterations   :       0        Mat-vec time (secs) :     1.6
 Line search its     :       1        Subspace iterations :       0

