
 ==================================================================================
 SPGL1_SLIM v. 46  (Tue, 14 Jun 2011) based on v.1017
 ==================================================================================
 No. rows              :    12800      No. columns           :    34341
 Initial tau           : 7.26e+02      Two-norm of b         : 1.14e+01
 Optimality tol        : 1.00e-04      Target one-norm of x  : 7.26e+02
 Basis pursuit tol     : 1.00e-06      Maximum iterations    :      200

  Iter      Objective   Relative Gap      gNorm   stepG    nnzX    nnzG
     0  1.1375201e+01  1.0346199e+01   9.22e-01     0.0       0       0
     1  1.9678132e+00  1.8011530e+01   5.51e-02     0.0   19315       0
     2  1.4722271e+00  2.2128961e+01   4.60e-02     0.0   18127       0
     3  1.1164554e+00  1.5536295e+01   3.12e-02     0.0   15991       0
     4  6.2101998e-01  1.3617896e+01   2.35e-02     0.0   13148       0
     5  1.0941098e+00  6.8703733e+01   9.66e-02     0.0   13038       0
     6  6.9669575e-01  4.5717081e+01   6.70e-02     0.0   15407       0
     7  3.1147731e-01  3.0040776e+00   6.79e-03     0.0   14301       0
     8  2.8627206e-01  2.3431100e+00   5.78e-03     0.0   13765       0
     9  2.3245505e-01  2.1353384e+00   4.94e-03     0.0   12941       0
    10  1.9398725e-01  8.5988868e+00   1.31e-02     0.0   12411       0
    11  1.3956595e-01  1.6236515e+00   3.47e-03    -0.3   12704       0
    12  1.2279060e-01  9.1088865e-01   2.33e-03     0.0   12461       0
    13  1.1509744e-01  7.8728738e-01   2.09e-03     0.0   12413       0
    14  9.5118126e-02  1.7701516e+00   3.22e-03     0.0   12220       0
    15  8.9143944e-02  1.0699166e+00   2.25e-03    -0.3   12290       0
    16  8.3921299e-02  1.0046558e+00   2.10e-03     0.0   12199       0
    17  7.9349486e-02  6.6133923e-01   1.61e-03     0.0   12218       0
    18  7.3978233e-02  1.3054780e+00   2.42e-03     0.0   12152       0
    19  7.4298454e-02  2.2749999e+00   3.73e-03     0.0   12199       0
    20  6.7539137e-02  2.4776394e+00   3.94e-03     0.0   12084       0
    21  6.0246731e-02  4.0593867e-01   1.09e-03     0.0   12125       0
    22  5.8282008e-02  3.9429636e-01   1.05e-03     0.0   12107       0
    23  4.0453933e-02  3.5160161e-01   8.35e-04     0.0   12059       0
    24  3.7956446e-02  1.0806997e+00   1.80e-03    -0.3   12055       0
    25  4.2231561e-02  1.9849371e+00   3.02e-03     0.0   12044       0
    26  3.2555841e-02  6.6527596e-01   1.19e-03     0.0   12021       0
    27  3.0944291e-02  2.0349860e-01   5.51e-04     0.0   12025       0
    28  2.9705112e-02  1.9649662e-01   5.30e-04     0.0   12023       0
    29  1.0161161e-02  1.4629803e+00   2.06e-03     0.0   11889       0
    30  1.4441937e-02  2.4350559e+00   3.42e-03    -0.3   11900       0
    31  5.4943711e-03  2.0276269e-01   3.25e-04     0.0   11892       0
    32  5.1372486e-03  3.3223168e-02   8.96e-05     0.0   11892       0
    33  4.8292723e-03  3.2312350e-02   8.57e-05     0.0   11891       0
    34  3.1492036e-03  9.2594081e-02   1.53e-04     0.0   11880       0
    35  3.1191973e-03  1.5102719e-01   2.30e-04    -0.3   11878       0
    36  2.5831305e-03  8.7505216e-02   1.42e-04     0.0   11880       0
    37  2.4132389e-03  1.5329732e-02   4.19e-05     0.0   11879       0
    38  2.3185079e-03  1.4943962e-02   4.06e-05     0.0   11877       0
    39  1.6637546e-03  5.2177411e-02   8.56e-05     0.0   11873       0
    40  1.7039713e-03  9.9451712e-02   1.50e-04    -0.3   11873       0
    41  1.4514668e-03  4.3939833e-02   7.27e-05     0.0   11872       0
    42  1.3731124e-03  8.8790305e-03   2.41e-05     0.0   11872       0
    43  1.3241531e-03  8.5493004e-03   2.32e-05     0.0   11871       0
    44  6.9807946e-04  4.0067630e-02   6.07e-05     0.0   11867       0

 EXIT -- Optimal solution found

 Products with A     :      57        Total time   (secs) :    30.7
 Products with A'    :      45        Project time (secs) :     0.3
 Newton iterations   :       0        Mat-vec time (secs) :    30.0
 Line search its     :      19        Subspace iterations :       0

