
 ==================================================================================
 SPGL1_SLIM v. 46  (Tue, 14 Jun 2011) based on v.1017
 ==================================================================================
 No. rows              :     6400      No. columns           :    34341
 Initial tau           : 2.03e+05      Two-norm of b         : 1.54e+04
 Optimality tol        : 1.00e-04      Target one-norm of x  : 2.03e+05
 Basis pursuit tol     : 1.00e-06      Maximum iterations    :      200

  Iter      Objective   Relative Gap      gNorm   stepG    nnzX    nnzG
     0  1.5400372e+04  1.8117029e+01   1.06e+04     0.0       0       0
     1  1.4135203e+04  1.9278507e+01   9.58e+03     0.0   33588       0
     2  5.3867939e+03  9.8129765e+00   7.02e+02     0.0   34251       0
     3  5.2823584e+03  1.0162900e+01   7.04e+02     0.0   34288       0
     4  2.6132881e+03  1.5669837e+01   3.11e+02     0.0   30870       0
     5  4.3307998e+03  4.8775986e+01   1.98e+03    -0.3   31233       0
     6  2.8801398e+03  3.5679431e+01   8.41e+02     0.0   34307       0
     7  2.3691280e+03  1.6477730e+01   2.47e+02     0.0   34313       0
     8  2.3459314e+03  1.6561047e+01   2.44e+02     0.0   34308       0
     9  2.4769807e+03  7.2820505e+01   1.23e+03     0.0   22572       0
    10  1.6899533e+03  6.8541502e+01   4.81e+02    -0.3   23374       0
    11  1.6017183e+03  2.8595579e+01   2.08e+02     0.0   34097       0
    12  1.5827885e+03  1.7166322e+01   1.29e+02     0.0   28176       0
    13  1.5611512e+03  1.6989495e+01   1.26e+02     0.0   25879       0
    14  1.4433279e+03  7.1481321e+01   3.73e+02     0.0   21940       0
    15  1.4515315e+03  8.2530501e+01   4.65e+02    -0.3   24183       0
    16  1.3923483e+03  1.6095296e+01   9.64e+01     0.0   23386       0
    17  1.3877194e+03  1.5642985e+01   9.49e+01     0.0   22669       0
    18  1.3527992e+03  1.5752098e+01   9.15e+01     0.0   21278       0
    19  1.3117848e+03  5.5712838e+01   2.48e+02    -0.3   21288       0
    20  1.3564274e+03  6.9944308e+01   3.45e+02    -0.3   23394       0
    21  1.2606735e+03  1.6038579e+01   8.00e+01     0.0   25850       0
    22  1.2566136e+03  1.5695955e+01   7.95e+01     0.0   23296       0
    23  1.2417929e+03  1.5616548e+01   7.82e+01     0.0   21378       0
    24  1.2037215e+03  1.2145685e+02   4.27e+02    -0.3   16840       0
    25  1.0814187e+03  3.8526258e+01   1.33e+02    -0.3   20569       0
    26  1.0624585e+03  1.5592832e+01   5.74e+01     0.0   30483       0
    27  1.0585079e+03  1.4975768e+01   5.69e+01     0.0   23676       0
    28  1.0459498e+03  1.5311969e+01   5.57e+01     0.0   19308       0
    29  1.0404364e+03  3.2026376e+01   1.05e+02    -0.3   19572       0
    30  1.0413906e+03  4.9818433e+01   1.42e+02    -0.3   18965       0
    31  1.0294849e+03  2.2376043e+01   7.49e+01     0.0   20273       0
    32  1.0268484e+03  1.4925314e+01   5.37e+01     0.0   18891       0
    33  1.0230707e+03  1.5177424e+01   5.44e+01     0.0   18084       0
    34  9.5312186e+02  9.7926874e+01   2.31e+02     0.0   15372       0
    35  1.0045886e+03  2.0081573e+02   5.20e+02    -0.3   17809       0
    36  9.3350919e+02  3.7875331e+01   9.35e+01     0.0   24628       0
    37  9.2976714e+02  1.5313097e+01   4.64e+01     0.0   20727       0
    38  9.2762927e+02  1.5463967e+01   4.66e+01     0.0   18298       0
    39  8.9559152e+02  9.9185171e+01   2.15e+02     0.0   14565       0
    40  8.7023429e+02  8.0538222e+01   1.61e+02    -0.3   17228       0
    41  8.5573409e+02  2.2751387e+01   5.37e+01     0.0   22397       0
    42  8.5386965e+02  1.7232685e+01   4.37e+01     0.0   18809       0
    43  8.5044662e+02  1.9109357e+01   4.68e+01     0.0   16649       0
    44  8.4841291e+02  1.0469760e+02   1.95e+02    -0.3   14721       0
    45  8.4306879e+02  9.3289892e+01   1.79e+02    -0.3   16724       0
    46  8.2602695e+02  1.6931766e+01   4.02e+01     0.0   18575       0
    47  8.2493478e+02  1.6032936e+01   3.90e+01     0.0   16678       0
    48  8.1781518e+02  1.7088929e+01   4.06e+01     0.0   14880       0
    49  8.1410405e+02  5.5384461e+01   1.01e+02    -0.3   14989       0
    50  8.0984593e+02  2.2457685e+01   4.87e+01    -0.3   16533       0
    51  8.0833319e+02  1.8681427e+01   4.18e+01     0.0   15653       0
    52  8.0640102e+02  1.7537995e+01   4.02e+01     0.0   15003       0
    53  7.9592693e+02  6.1181794e+01   1.06e+02     0.0   14216       0
    54  8.0192377e+02  1.2735233e+02   2.16e+02    -0.3   14981       0
    55  7.9079185e+02  3.7047369e+01   6.84e+01     0.0   15029       0
    56  7.8969144e+02  1.6402990e+01   3.69e+01     0.0   14626       0
    57  7.8832137e+02  1.7227794e+01   3.81e+01     0.0   14325       0
    58  7.2703423e+02  4.6137907e+02   6.11e+02     0.0   12303       0
    59  6.8167976e+02  2.5319999e+02   3.00e+02    -0.3   14476       0
    60  6.6796867e+02  2.8952469e+01   4.13e+01     0.0   19170       0
    61  6.6695393e+02  1.7955326e+01   2.93e+01     0.0   16682       0
    62  6.6340864e+02  2.6392713e+01   3.83e+01     0.0   14163       0
    63  6.6596536e+02  1.3173381e+02   1.53e+02    -0.3   13229       0
    64  6.5849619e+02  2.6934530e+01   3.84e+01    -0.3   16422       0
    65  6.5742654e+02  1.7581571e+01   2.81e+01     0.0   15419       0
    66  6.5534349e+02  2.3544574e+01   3.45e+01     0.0   13673       0
    67  6.5734215e+02  1.5198158e+02   1.70e+02     0.0   12856       0
    68  6.5040159e+02  2.8242106e+01   3.90e+01    -0.3   15889       0
    69  6.4939006e+02  1.7521281e+01   2.75e+01     0.0   14939       0
    70  6.4797732e+02  1.8790507e+01   2.88e+01     0.0   13662       0
    71  6.4465310e+02  9.5627247e+01   1.07e+02     0.0   12696       0
    72  6.4449296e+02  1.3667596e+02   1.50e+02    -0.3   13370       0
    73  6.4193495e+02  3.1740000e+01   4.15e+01     0.0   13102       0
    74  6.4146027e+02  1.6588251e+01   2.61e+01     0.0   12875       0
    75  6.4049421e+02  1.8409528e+01   2.79e+01     0.0   12706       0
    76  6.2987932e+02  6.7815503e+02   6.71e+02     0.0   11860       0
    77  5.9271624e+02  1.5736286e+02   1.45e+02    -0.3   13589       0
    78  5.8922258e+02  2.4303782e+01   2.92e+01     0.0   14912       0
    79  5.8876500e+02  2.1733755e+01   2.71e+01     0.0   13616       0
    80  5.8588768e+02  5.1618339e+01   5.31e+01     0.0   12141       0
    81  5.8824325e+02  8.7276180e+01   8.20e+01    -0.3   14461       0
    82  5.8106714e+02  2.1371604e+01   2.63e+01     0.0   16365       0
    83  5.8035303e+02  1.8777835e+01   2.40e+01     0.0   14382       0
    84  5.7981933e+02  1.9132601e+01   2.43e+01     0.0   13278       0
    85  5.7851631e+02  2.4753265e+02   2.11e+02     0.0   11559       0
    86  5.7355061e+02  2.4253968e+02   2.07e+02    -0.3   14484       0
    87  5.5111442e+02  2.6835722e+01   2.77e+01     0.0   20733       0
    88  5.5028969e+02  1.9340271e+01   2.23e+01     0.0   16933       0
    89  5.4915718e+02  1.7969804e+01   2.12e+01     0.0   14205       0
    90  5.5023480e+02  1.0087996e+02   8.36e+01    -0.3   12080       0
    91  5.4534452e+02  7.0967143e+01   6.00e+01    -0.3   14029       0
    92  5.4165195e+02  2.0769134e+01   2.27e+01     0.0   15722       0
    93  5.4123318e+02  1.7203687e+01   2.02e+01     0.0   14130       0
    94  5.3941824e+02  1.7586346e+01   2.05e+01     0.0   12544       0
    95  5.4023898e+02  1.1625323e+02   9.05e+01    -0.3   11820       0
    96  5.3500706e+02  2.7131191e+01   2.71e+01    -0.3   14433       0
    97  5.3401257e+02  2.1343235e+01   2.26e+01     0.0   14099       0
    98  5.3343056e+02  1.8818540e+01   2.08e+01     0.0   13226       0
    99  5.3061966e+02  3.2447718e+01   3.04e+01     0.0   11861       0
   100  5.3081631e+02  7.1057378e+01   5.68e+01    -0.3   13361       0
   101  5.2919024e+02  3.9071228e+01   3.46e+01     0.0   13394       0
   102  5.2856514e+02  1.9463159e+01   2.10e+01     0.0   12705       0
   103  5.2824765e+02  1.7749061e+01   1.98e+01     0.0   12232       0
   104  5.2469206e+02  4.8020488e+01   4.02e+01     0.0   11628       0
   105  5.2531278e+02  1.4117273e+02   1.04e+02    -0.3   11907       0
   106  5.2383094e+02  7.1475741e+01   5.58e+01     0.0   12072       0
   107  5.2311593e+02  1.8159390e+01   1.98e+01     0.0   11853       0
   108  5.2287924e+02  1.7852264e+01   1.96e+01     0.0   11723       0
   109  5.1643435e+02  8.3543898e+01   6.25e+01     0.0   11416       0
   110  5.1726710e+02  1.6642651e+02   1.17e+02    -0.3   11673       0
   111  5.1542485e+02  7.4930117e+01   5.65e+01     0.0   11851       0
   112  5.1497372e+02  1.7842065e+01   1.91e+01     0.0   11639       0
   113  5.1472764e+02  1.7956886e+01   1.91e+01     0.0   11550       0
   114  5.0186178e+02  1.8582388e+02   1.23e+02     0.0   11153       0
   115  5.1089664e+02  3.9635100e+02   2.62e+02    -0.3   11768       0
   116  4.9830320e+02  3.3879161e+01   2.78e+01     0.0   13854       0
   117  4.9797390e+02  1.8947267e+01   1.87e+01     0.0   12411       0
   118  4.9754518e+02  1.7943064e+01   1.81e+01     0.0   11704       0
   119  4.9311234e+02  2.8809836e+02   1.79e+02     0.0   11027       0
   120  4.8738831e+02  1.1182813e+02   7.27e+01    -0.3   12041       0
   121  4.8572464e+02  1.9795182e+01   1.85e+01     0.0   12281       0
   122  4.8551287e+02  1.9572719e+01   1.84e+01     0.0   11814       0
   123  4.8278533e+02  6.0937825e+01   4.19e+01     0.0   11189       0
   124  4.8280662e+02  7.6408044e+01   5.08e+01    -0.3   12469       0
   125  4.8120822e+02  2.9081049e+01   2.34e+01     0.0   12632       0
   126  4.8091412e+02  1.7552986e+01   1.69e+01     0.0   12081       0
   127  4.8053399e+02  1.7606883e+01   1.69e+01     0.0   11675       0
   128  4.7608538e+02  2.8734393e+02   1.67e+02     0.0   10917       0
   129  4.7555079e+02  3.1151358e+02   1.81e+02    -0.3   12507       0
   130  4.6872567e+02  2.7253862e+01   2.15e+01     0.0   14730       0
   131  4.6843342e+02  2.0490817e+01   1.78e+01     0.0   13010       0
   132  4.6757268e+02  2.0375009e+01   1.76e+01     0.0   11731       0
   133  4.6568148e+02  1.7412354e+02   1.00e+02    -0.3   11058       0
   134  4.6427735e+02  1.0696307e+02   6.34e+01    -0.3   12043       0
   135  4.6316252e+02  2.2297396e+01   1.85e+01     0.0   12041       0
   136  4.6295761e+02  1.8068234e+01   1.62e+01     0.0   11615       0
   137  4.6192193e+02  2.2781075e+01   1.86e+01     0.0   11127       0
   138  4.6121619e+02  5.3796488e+01   3.50e+01    -0.3   11255       0
   139  4.6062442e+02  2.2713464e+01   1.85e+01    -0.3   11592       0
   140  4.6032668e+02  2.0609976e+01   1.74e+01     0.0   11320       0
   141  4.5999040e+02  2.0075163e+01   1.70e+01     0.0   11148       0
   142  4.5888093e+02  5.6364728e+01   3.59e+01     0.0   10971       0
   143  4.5889381e+02  7.2737410e+01   4.42e+01    -0.3   11092       0
   144  4.5814578e+02  3.4517939e+01   2.45e+01     0.0   11039       0
   145  4.5795243e+02  1.8486798e+01   1.61e+01     0.0   11024       0
   146  4.5764301e+02  1.9019424e+01   1.64e+01     0.0   10952       0
   147  4.4494878e+02  8.9675730e+02   4.42e+02     0.0   10209       0
   148  4.4968916e+02  9.7184906e+02   4.92e+02    -0.3   12014       0
   149  4.1377678e+02  5.4996210e+01   2.88e+01     0.0   20952       0
   150  4.1322816e+02  1.8410802e+01   1.35e+01     0.0   16562       0
   151  4.1259417e+02  1.5659612e+01   1.24e+01     0.0   12859       0
   152  4.1149727e+02  8.4369700e+01   4.11e+01    -0.3   10929       0
   153  4.1164619e+02  1.2767086e+02   5.91e+01    -0.3   11916       0
   154  4.1015011e+02  2.5475952e+01   1.64e+01     0.0   11811       0
   155  4.0998217e+02  1.7590875e+01   1.31e+01     0.0   11423       0
   156  4.0969262e+02  1.9083024e+01   1.37e+01     0.0   11090       0
   157  4.0533554e+02  2.5069483e+02   1.07e+02     0.0   10342       0
   158  4.0210430e+02  9.1889857e+01   4.24e+01    -0.3   11594       0
   159  4.0112417e+02  1.6565266e+01   1.22e+01     0.0   11867       0
   160  4.0095949e+02  1.6006122e+01   1.20e+01     0.0   11387       0
   161  3.9990548e+02  4.1228792e+01   2.21e+01     0.0   10639       0
   162  3.9964079e+02  3.9240778e+01   2.09e+01    -0.3   11576       0
   163  3.9919112e+02  2.8218803e+01   1.68e+01     0.0   11292       0
   164  3.9902064e+02  1.8131374e+01   1.28e+01     0.0   11061       0
   165  3.9878406e+02  1.8672956e+01   1.30e+01     0.0   10798       0
   166  3.9649767e+02  1.7762902e+02   7.40e+01     0.0   10322       0
   167  3.9668770e+02  1.7629119e+02   7.43e+01    -0.3   10970       0
   168  3.9449173e+02  1.9099695e+01   1.28e+01     0.0   11287       0
   169  3.9436975e+02  1.8403726e+01   1.26e+01     0.0   10846       0
   170  3.9386080e+02  2.3531441e+01   1.46e+01     0.0   10504       0
   171  3.9313274e+02  1.5558261e+02   6.45e+01    -0.3   10323       0
   172  3.9169726e+02  5.8460426e+01   2.78e+01    -0.3   11065       0
   173  3.9117715e+02  1.6149474e+01   1.16e+01     0.0   11007       0
   174  3.9104704e+02  1.6154237e+01   1.16e+01     0.0   10768       0
   175  3.8994926e+02  3.4935767e+01   1.87e+01     0.0   10359       0
   176  3.9042108e+02  9.0282407e+01   3.91e+01    -0.3   10901       0
   177  3.8970768e+02  6.8243556e+01   3.12e+01     0.0   11029       0
   178  3.8922430e+02  1.6587900e+01   1.17e+01     0.0   10817       0
   179  3.8912066e+02  1.7560635e+01   1.21e+01     0.0   10661       0
   180  3.8811348e+02  2.4527174e+01   1.46e+01     0.0   10294       0
   181  3.8829250e+02  1.5717878e+02   6.38e+01    -0.3   10364       0
   182  3.8726275e+02  2.4340891e+01   1.45e+01    -0.3   10910       0
   183  3.8710702e+02  1.6298591e+01   1.15e+01     0.0   10717       0
   184  3.8679388e+02  2.0717357e+01   1.31e+01     0.0   10483       0
   185  3.8549699e+02  1.4999070e+02   6.00e+01     0.0   10229       0
   186  3.8557397e+02  1.9379055e+02   7.67e+01    -0.3   10946       0
   187  3.8444911e+02  3.3081301e+01   1.74e+01     0.0   10774       0
   188  3.8434266e+02  1.6433105e+01   1.14e+01     0.0   10523       0
   189  3.8411638e+02  1.7703152e+01   1.19e+01     0.0   10356       0
   190  3.8393796e+02  8.3121835e+02   3.07e+02     0.0   10002       0
   191  3.7461987e+02  3.5470819e+02   1.28e+02    -0.3   11222       0
   192  3.7180428e+02  2.4166635e+01   1.35e+01     0.0   12561       0
   193  3.7166231e+02  2.2460718e+01   1.29e+01     0.0   11454       0
   194  3.7084060e+02  5.9967904e+01   2.55e+01     0.0   10315       0
   195  3.7059742e+02  4.8335680e+01   2.15e+01    -0.3   11080       0
   196  3.7020229e+02  3.1101005e+01   1.57e+01     0.0   10780       0
   197  3.7007907e+02  1.8914942e+01   1.16e+01     0.0   10592       0
   198  3.6988633e+02  1.6940768e+01   1.09e+01     0.0   10390       0
   199  3.6644545e+02  1.8917386e+02   6.76e+01     0.0    9971       0
   200  3.6567958e+02  1.3657224e+02   5.02e+01    -0.3   10719       0

 ERROR EXIT -- Too many iterations

 Products with A     :     302        Total time   (secs) :    80.9
 Products with A'    :     201        Project time (secs) :     1.4
 Newton iterations   :       0        Mat-vec time (secs) :    78.0
 Line search its     :     225        Subspace iterations :       0

