
 ==================================================================================
 PQNL1_SLIM v. 46  (Tue, 14 Jun 2011) based on v.1017
 ==================================================================================
 No. rows              :     6400      No. columns           :    34341
 Initial tau           : 1.66e+00      Two-norm of b         : 4.82e+01
 Optimality tol        : 1.00e-04      Target one-norm of x  : 1.66e+00
 Basis pursuit tol     : 1.00e-06      Maximum iterations    :      200

  Iter      Objective   Relative Gap      gNorm   stepG    nnzX    nnzG
     0  4.8198136e+01  4.7828694e-02   3.34e+01     0.0       0       0
Inside of minConf_PQN 
 Iteration   FunEvals Projections     Step Length          rNorm2        Opt Cond
         1          1          4     1.00000e+00     4.75674e+01     3.32584e+00
         2          1         14     1.00000e+00     4.73774e+01     3.16078e+00
         3          1         25     1.00000e+00     4.73679e+01     3.02371e+00
         4          1         39     1.00000e+00     4.73625e+01     2.91772e+00
         5          1         50     1.00000e+00     4.73573e+01     2.19731e+00
         6          1         58     1.00000e+00     4.73546e+01     2.11749e+00
         7          1         68     1.00000e+00     4.73509e+01     2.04762e+00
         8          1         77     1.00000e+00     4.73481e+01     2.11116e+00
         9          1         87     1.00000e+00     4.73462e+01     1.93717e+00
        10          1         96     1.00000e+00     4.73445e+01     1.59476e+00
        11          1        106     1.00000e+00     4.73433e+01     1.23505e+00
        12          1        114     1.00000e+00     4.73424e+01     1.03714e+00
        13          1        124     1.00000e+00     4.73414e+01     8.32860e-01
        14          1        132     1.00000e+00     4.73408e+01     7.19211e-01
        15          1        142     1.00000e+00     4.73384e+01     5.37786e-01
        16          1        150     1.00000e+00     4.73379e+01     6.37333e-01
        17          1        161     1.00000e+00     4.73377e+01     6.28512e-01
        18          1        172     1.00000e+00     4.73365e+01     5.43770e-01
        19          1        182     1.00000e+00     4.73362e+01     4.84397e-01
        20          1        191     1.00000e+00     4.73359e+01     3.49626e-01
        21          1        199     1.00000e+00     4.73359e+01     2.83603e-01
        22          1        213     1.00000e+00     4.73359e+01     2.01535e-01
        23          1        228     1.00000e+00     4.73359e+01     1.93080e-01
        24          1        243     1.00000e+00     4.73359e+01     1.48065e-01
        25          1        261     1.00000e+00     4.73359e+01     1.57307e-01
        26          1        274     1.00000e+00     4.73359e+01     1.65893e-01
        27          1        285     1.00000e+00     4.73359e+01     1.88227e-01
        28          1        297     1.00000e+00     4.73359e+01     2.08282e-01
        29          1        316     1.00000e+00     4.73359e+01     2.38987e-01
        30          1        330     1.00000e+00     4.73359e+01     2.73564e-01
        31          1        349     1.00000e+00     4.73358e+01     3.85856e-01
        32          1        375     1.00000e+00     4.73357e+01     4.79863e-01
        33          1        399     1.00000e+00     4.73356e+01     4.61126e-01
        34          1        436     1.00000e+00     4.73356e+01     2.74162e-01
        35          1        450     1.00000e+00     4.73355e+01     5.85821e-02
        36          1        457     1.00000e+00     4.73355e+01     1.03170e-02
        37          1        482     1.00000e+00     4.73355e+01     3.20424e-04
        38          1        496     1.00000e+00     4.73355e+01     8.96908e-05
        39          1        522     1.00000e+00     4.73355e+01     5.90144e-06
        40          1        547     1.00000e+00     4.73355e+01     1.16581e-06
Directional Derivative below optTol
        41          1       1648     1.00000e+00     4.73355e+01     8.04593e-07
Directional Derivative below optTol
        42          2       1664    -0.00000e+00     4.73355e+01     8.04593e-07
Step size below optTol
    42  4.7335532e+01  7.5895258e-10   2.11e+01     0.0       4       0
 EXIT -- Optimal solution found

 Products with A     :      55        Total time   (secs) :    75.8
 Products with A'    :      55        Project time (secs) :    81.7
 Newton iterations   :       0        Mat-vec time (secs) :    18.1

