
 ==================================================================================
 SPGL1_SLIM v. 46  (Tue, 14 Jun 2011) based on v.1017
 ==================================================================================
 No. rows              :     6400      No. columns           :    34341
 Initial tau           : 7.83e+02      Two-norm of b         : 4.82e+01
 Optimality tol        : 1.00e-04      Target one-norm of x  : 7.83e+02
 Basis pursuit tol     : 1.00e-06      Maximum iterations    :      200

  Iter      Objective   Relative Gap      gNorm   stepG    nnzX    nnzG
     0  4.8198136e+01  2.2520564e+01   3.34e+01     0.0       0       0
     1  3.7013183e+01  5.1645946e+01   4.40e+01    -0.3    4312       0
     2  2.3833244e+01  2.5832646e+01   9.39e+00     0.0   22298       0
     3  2.2679024e+01  8.4971240e+00   2.83e+00     0.0   24765       0
     4  2.2104432e+01  8.6059205e+00   2.74e+00     0.0   27146       0
     5  1.2010743e+01  1.8550779e+01   1.95e+00     0.0   27115       0
     6  1.3671277e+01  4.2271678e+01   4.73e+00    -0.3   28201       0
     7  1.1366089e+01  2.1495237e+01   1.98e+00     0.0   28581       0
     8  1.0734821e+01  1.4333077e+01   1.14e+00     0.0   28733       0
     9  1.0613873e+01  1.4386885e+01   1.13e+00     0.0   29030       0
    10  9.6575163e+00  4.0355502e+01   2.75e+00     0.0   22896       0
    11  8.1629548e+00  3.7655848e+01   1.68e+00    -0.3   24262       0
    12  7.8481712e+00  1.5628161e+01   7.53e-01     0.0   24675       0
    13  7.7668541e+00  1.5248683e+01   7.16e-01     0.0   24214       0
    14  7.6884372e+00  1.4830563e+01   6.89e-01     0.0   23962       0
    15  7.0395132e+00  3.2252320e+01   1.10e+00     0.0   21171       0
    16  7.0425921e+00  4.3983728e+01   1.54e+00    -0.3   21376       0
    17  6.8845990e+00  1.4289554e+01   5.36e-01     0.0   21131       0
    18  6.8567873e+00  1.2546814e+01   4.87e-01     0.0   21059       0
    19  6.7833154e+00  1.2813978e+01   4.86e-01     0.0   20785       0
    20  6.6959463e+00  2.4487012e+02   7.09e+00     0.0   14773       0
    21  5.7294189e+00  2.9219770e+02   6.14e+00    -0.3   16173       0
    22  5.0349746e+00  6.5178028e+01   1.13e+00     0.0   16767       0
    23  4.9883227e+00  1.1525317e+01   2.50e-01     0.0   16414       0
    24  4.9662664e+00  1.1283971e+01   2.46e-01     0.0   16362       0
    25  4.9352547e+00  4.8777375e+01   8.59e-01     0.0   15566       0
    26  4.6052216e+00  1.8850998e+01   3.35e-01    -0.3   16882       0
    27  4.5687116e+00  1.3382185e+01   2.52e-01     0.0   16518       0
    28  4.5513663e+00  1.2508033e+01   2.41e-01     0.0   16361       0
    29  4.4979299e+00  1.5844148e+01   2.74e-01     0.0   15762       0
    30  4.4828566e+00  2.1718294e+01   3.54e-01    -0.3   15757       0
    31  4.4672325e+00  1.4483919e+01   2.55e-01     0.0   15602       0
    32  4.4539205e+00  1.6468375e+01   2.82e-01     0.0   15556       0
    33  4.4399108e+00  1.2052979e+01   2.23e-01     0.0   15441       0
    34  4.4246947e+00  4.2498679e+01   6.05e-01     0.0   15340       0
    35  4.4420090e+00  9.8035148e+01   1.30e+00     0.0   15228       0
    36  4.3943756e+00  4.1288451e+01   5.82e-01     0.0   15198       0
    37  4.3812055e+00  1.2383345e+01   2.22e-01     0.0   15153       0
    38  4.3730792e+00  1.2361462e+01   2.21e-01     0.0   15104       0
    39  4.0499284e+00  9.1330623e+01   1.02e+00     0.0   13900       0
    40  4.0986100e+00  2.0912805e+02   2.31e+00    -0.3   14039       0
    41  4.0133900e+00  5.3564591e+01   6.11e-01     0.0   13928       0
    42  4.0025780e+00  1.1755761e+01   1.83e-01     0.0   13932       0
    43  3.9957324e+00  1.1667278e+01   1.82e-01     0.0   13912       0
    44  3.7772105e+00  1.5556265e+02   1.49e+00     0.0   13117       0
    45  3.9996425e+00  2.9289656e+02   3.03e+00    -0.3   14000       0
    46  3.6539045e+00  5.1051418e+01   4.95e-01     0.0   13424       0
    47  3.6374054e+00  1.3075208e+01   1.70e-01     0.0   13502       0
    48  3.6294358e+00  1.2975858e+01   1.69e-01     0.0   13463       0
    49  3.5295833e+00  5.7766249e+01   5.21e-01     0.0   12975       0
    50  3.6051326e+00  1.3402519e+02   1.16e+00    -0.3   13525       0
    51  3.4811234e+00  3.3393186e+01   3.13e-01     0.0   13028       0
    52  3.4677861e+00  1.3206979e+01   1.56e-01     0.0   13080       0
    53  3.4619311e+00  1.3186729e+01   1.56e-01     0.0   13063       0
    54  3.3804114e+00  7.3539938e+01   5.99e-01     0.0   12594       0
    55  3.3066065e+00  3.2410057e+01   2.81e-01    -0.3   12839       0
    56  3.2906443e+00  1.5133786e+01   1.58e-01     0.0   12664       0
    57  3.2847907e+00  1.3331727e+01   1.45e-01     0.0   12681       0
    58  3.2657099e+00  1.5098812e+01   1.54e-01     0.0   12630       0
    59  3.2590107e+00  3.8308360e+01   3.14e-01    -0.3   12656       0
    60  3.2608090e+00  7.6086526e+01   5.67e-01     0.0   12553       0
    61  3.2443094e+00  3.1258632e+01   2.62e-01     0.0   12598       0
    62  3.2386665e+00  1.3822592e+01   1.44e-01     0.0   12551       0
    63  3.2345067e+00  1.3808789e+01   1.44e-01     0.0   12548       0
    64  3.1222061e+00  3.7885858e+01   2.85e-01     0.0   12278       0
    65  3.1910900e+00  1.5046372e+02   1.03e+00    -0.3   12707       0
    66  3.1252659e+00  9.0058707e+01   6.08e-01     0.0   12340       0
    67  3.0973061e+00  1.3730134e+01   1.33e-01     0.0   12317       0
    68  3.0938436e+00  1.3806788e+01   1.33e-01     0.0   12310       0
    69  3.0306877e+00  3.5548924e+01   2.62e-01     0.0   12101       0
    70  3.0737216e+00  8.6923978e+01   5.64e-01    -0.3   12395       0
    71  3.0257027e+00  5.9231150e+01   3.97e-01     0.0   12141       0
    72  3.0058793e+00  1.4067889e+01   1.28e-01     0.0   12129       0
    73  3.0025830e+00  1.4060410e+01   1.28e-01     0.0   12128       0
    74  2.9556216e+00  2.2586310e+01   1.78e-01     0.0   12006       0
    75  2.9671268e+00  6.4846854e+01   4.03e-01    -0.3   12042       0
    76  2.9479438e+00  4.4755400e+01   3.00e-01     0.0   12021       0
    77  2.9349948e+00  1.4237859e+01   1.24e-01     0.0   12010       0
    78  2.9321544e+00  1.4080239e+01   1.24e-01     0.0   12008       0
    79  2.9038229e+00  1.6035956e+01   1.33e-01     0.0   11937       0
    80  2.9015109e+00  1.1676553e+02   6.69e-01    -0.3   11958       0
    81  2.9217172e+00  2.0732956e+02   1.18e+00    -0.3   11975       0
    82  2.8782865e+00  3.4084199e+01   2.26e-01     0.0   11927       0
    83  2.8746872e+00  1.4227493e+01   1.21e-01     0.0   11923       0
    84  2.8703883e+00  1.3935529e+01   1.19e-01     0.0   11915       0
    85  2.6658546e+00  2.7559997e+02   1.29e+00     0.0   11268       0
    86  2.6349447e+00  2.5610673e+02   1.18e+00    -0.3   11408       0
    87  2.5935572e+00  3.3951015e+01   1.86e-01     0.0   11327       0
    88  2.5904381e+00  1.4311834e+01   1.02e-01     0.0   11340       0
    89  2.5846810e+00  1.4530804e+01   1.03e-01     0.0   11324       0
    90  2.5887029e+00  2.5160284e+02   1.11e+00     0.0   11231       0
    91  2.5461507e+00  1.6226726e+02   7.12e-01    -0.3   11347       0
    92  2.5140248e+00  2.2452248e+01   1.29e-01     0.0   11289       0
    93  2.5116828e+00  1.2729886e+01   9.03e-02     0.0   11285       0
    94  2.4980581e+00  1.8665779e+01   1.14e-01     0.0   11218       0
    95  2.4931804e+00  3.6410867e+01   1.82e-01    -0.3   11196       0
    96  2.4904574e+00  5.5031647e+01   2.58e-01    -0.3   11170       0
    97  2.4848526e+00  2.9379815e+01   1.54e-01     0.0   11173       0
    98  2.4825160e+00  1.8274194e+01   1.11e-01     0.0   11164       0
    99  2.4792826e+00  1.4653214e+01   9.62e-02     0.0   11160       0
   100  2.4465023e+00  1.9803191e+02   7.94e-01     0.0   11081       0
   101  2.4406396e+00  1.8685423e+02   7.49e-01    -0.3   11121       0
   102  2.4250920e+00  2.5443060e+01   1.33e-01     0.0   11094       0
   103  2.4236461e+00  1.3945294e+01   9.01e-02     0.0   11091       0
   104  2.4095800e+00  1.9265655e+01   1.09e-01     0.0   11053       0
   105  2.4237243e+00  2.8747241e+02   1.11e+00    -0.3   11063       0
   106  2.3914479e+00  2.3616788e+01   1.24e-01    -0.3   11051       0
   107  2.3879195e+00  1.3359869e+01   8.57e-02     0.0   11051       0
   108  2.3836491e+00  1.5281627e+01   9.27e-02     0.0   11039       0
   109  2.3516273e+00  8.9767525e+01   3.50e-01     0.0   10974       0
   110  2.3422083e+00  5.9473778e+01   2.46e-01    -0.3   11011       0
   111  2.3349271e+00  1.9587539e+01   1.04e-01     0.0   10979       0
   112  2.3331593e+00  1.2994613e+01   8.11e-02     0.0   10979       0
   113  2.3251238e+00  1.3331414e+01   8.25e-02     0.0   10967       0
   114  2.3261116e+00  1.6156904e+02   5.88e-01    -0.3   10918       0
   115  2.3260289e+00  1.8463173e+02   6.78e-01    -0.3   11062       0
   116  2.2895675e+00  2.2804033e+01   1.11e-01     0.0   10923       0
   117  2.2877555e+00  1.4041836e+01   8.21e-02     0.0   10928       0
   118  2.2811596e+00  1.3181394e+01   7.92e-02     0.0   10904       0
   119  2.2651316e+00  1.2597169e+02   4.45e-01    -0.3   10841       0
   120  2.2398692e+00  2.9085177e+01   1.28e-01    -0.3   10877       0
   121  2.2355363e+00  1.3526905e+01   7.75e-02     0.0   10847       0
   122  2.2331873e+00  1.3343634e+01   7.69e-02     0.0   10850       0
   123  2.2167817e+00  5.2314909e+01   2.00e-01     0.0   10809       0
   124  2.2115948e+00  4.5241669e+01   1.75e-01    -0.3   10811       0
   125  2.2047503e+00  1.7032179e+01   8.69e-02     0.0   10813       0
   126  2.2031472e+00  1.3336294e+01   7.54e-02     0.0   10812       0
   127  2.1991492e+00  1.2403172e+01   7.23e-02     0.0   10806       0
   128  2.1766777e+00  2.0020663e+02   6.38e-01    -0.3   10730       0
   129  2.1779159e+00  2.0653577e+02   6.60e-01    -0.3   10805       0
   130  2.1475676e+00  2.1521259e+01   9.62e-02     0.0   10743       0
   131  2.1461289e+00  1.3059414e+01   7.13e-02     0.0   10738       0
   132  2.1395818e+00  1.2781907e+01   7.05e-02     0.0   10721       0
   133  2.1301524e+00  9.0295631e+01   2.92e-01    -0.3   10706       0
   134  2.1344877e+00  1.3143399e+02   4.17e-01    -0.3   10728       0
   135  2.1192950e+00  2.0842230e+01   9.21e-02     0.0   10704       0
   136  2.1178632e+00  1.3603784e+01   7.15e-02     0.0   10700       0
   137  2.1149614e+00  1.2769881e+01   6.90e-02     0.0   10697       0
   138  2.0565642e+00  3.1442218e+02   8.82e-01     0.0   10541       0
   139  2.0525737e+00  3.2684641e+02   9.11e-01    -0.3   10682       0
   140  2.0191409e+00  3.9575275e+01   1.34e-01     0.0   10588       0
   141  2.0173074e+00  1.3651739e+01   6.64e-02     0.0   10591       0
   142  2.0140745e+00  1.3008482e+01   6.46e-02     0.0   10579       0
   143  2.0065183e+00  1.5584518e+02   4.29e-01    -0.3   10544       0
   144  1.9921956e+00  7.6744264e+01   2.26e-01    -0.3   10571       0
   145  1.9860460e+00  1.3792317e+01   6.48e-02     0.0   10532       0
   146  1.9848840e+00  1.2961996e+01   6.28e-02     0.0   10526       0
   147  1.9706161e+00  3.8187094e+01   1.26e-01     0.0   10497       0
   148  1.9746005e+00  9.7660436e+01   2.72e-01    -0.3   10500       0
   149  1.9660708e+00  5.2758864e+01   1.60e-01     0.0   10489       0
   150  1.9633080e+00  1.2953908e+01   6.18e-02     0.0   10484       0
   151  1.9622309e+00  1.2832522e+01   6.15e-02     0.0   10482       0
   152  1.9341052e+00  7.9591977e+01   2.19e-01     0.0   10436       0
   153  1.9503477e+00  1.9202991e+02   4.97e-01    -0.3   10475       0
   154  1.9269093e+00  4.5492150e+01   1.37e-01     0.0   10436       0
   155  1.9248524e+00  1.3023895e+01   5.99e-02     0.0   10436       0
   156  1.9236813e+00  1.2920050e+01   5.97e-02     0.0   10434       0
   157  1.9059338e+00  2.6599293e+02   6.50e-01     0.0   10346       0
   158  1.8819017e+00  1.9047496e+02   4.59e-01    -0.3   10453       0
   159  1.8636926e+00  2.2347880e+01   7.81e-02     0.0   10395       0
   160  1.8623187e+00  1.4277430e+01   6.01e-02     0.0   10401       0
   161  1.8581707e+00  1.4323558e+01   5.98e-02     0.0   10384       0
   162  1.8535090e+00  1.2540151e+02   3.03e-01    -0.3   10368       0
   163  1.8494329e+00  1.2320376e+02   2.98e-01    -0.3   10336       0
   164  1.8419682e+00  1.9630366e+01   7.04e-02     0.0   10349       0
   165  1.8409982e+00  1.4405457e+01   5.91e-02     0.0   10342       0
   166  1.8368837e+00  1.2834039e+01   5.55e-02     0.0   10326       0
   167  1.8381777e+00  1.5567091e+02   3.63e-01    -0.3   10307       0
   168  1.8370190e+00  1.5287920e+02   3.58e-01    -0.3   10387       0
   169  1.8166259e+00  2.3085705e+01   7.60e-02     0.0   10298       0
   170  1.8155222e+00  1.5073099e+01   5.92e-02     0.0   10296       0
   171  1.8110779e+00  1.2878728e+01   5.44e-02     0.0   10283       0
   172  1.8032443e+00  1.1489498e+02   2.65e-01    -0.3   10255       0
   173  1.8012269e+00  1.1899552e+02   2.75e-01    -0.3   10302       0
   174  1.7858955e+00  1.5955804e+01   5.92e-02     0.0   10250       0
   175  1.7847883e+00  1.2916631e+01   5.32e-02     0.0   10250       0
   176  1.7815973e+00  1.3121416e+01   5.35e-02     0.0   10241       0
   177  1.7718505e+00  1.7443479e+02   3.76e-01    -0.3   10208       0
   178  1.7719873e+00  1.7936737e+02   3.86e-01    -0.3   10242       0
   179  1.7606000e+00  1.9019641e+01   6.41e-02     0.0   10198       0
   180  1.7597952e+00  1.4325222e+01   5.48e-02     0.0   10201       0
   181  1.7566694e+00  1.2854386e+01   5.18e-02     0.0   10192       0
   182  1.7482980e+00  1.4306565e+02   3.04e-01    -0.3   10183       0
   183  1.7569994e+00  1.8502629e+02   3.92e-01    -0.3   10249       0
   184  1.7315688e+00  2.4459471e+01   7.27e-02     0.0   10172       0
   185  1.7305954e+00  1.5165802e+01   5.50e-02     0.0   10172       0
   186  1.7279509e+00  1.4041920e+01   5.27e-02     0.0   10172       0
   187  1.7200383e+00  1.8775085e+02   3.81e-01    -0.3   10133       0
   188  1.7301950e+00  2.5914059e+02   5.20e-01    -0.3   10208       0
   189  1.7022477e+00  2.9130019e+01   7.94e-02     0.0   10139       0
   190  1.7010726e+00  1.3559049e+01   5.05e-02     0.0   10142       0
   191  1.6994543e+00  1.2976175e+01   4.94e-02     0.0   10137       0
   192  1.6871458e+00  1.5479641e+02   3.06e-01    -0.3   10116       0
   193  1.6802228e+00  1.0117667e+02   2.08e-01    -0.3   10139       0
   194  1.6740879e+00  1.8181550e+01   5.75e-02     0.0   10118       0
   195  1.6733004e+00  1.3529017e+01   4.92e-02     0.0   10118       0
   196  1.6685303e+00  1.6867704e+01   5.51e-02     0.0   10113       0
   197  1.6668379e+00  4.1896275e+01   9.88e-02    -0.3   10106       0
   198  1.6656553e+00  5.9588616e+01   1.31e-01    -0.3   10106       0
   199  1.6637583e+00  2.0572963e+01   6.12e-02     0.0   10108       0
   200  1.6629187e+00  1.5313691e+01   5.19e-02     0.0   10107       0

 ERROR EXIT -- Too many iterations

 Products with A     :     299        Total time   (secs) :    80.1
 Products with A'    :     201        Project time (secs) :     1.4
 Newton iterations   :       0        Mat-vec time (secs) :    77.3
 Line search its     :     216        Subspace iterations :       0

