
 ==================================================================================
 SPGL1_SLIM v. 46  (Tue, 14 Jun 2011) based on v.1017
 ==================================================================================
 No. rows              :     6400      No. columns           :    34341
 Initial tau           : 1.25e+03      Two-norm of b         : 1.01e+02
 Optimality tol        : 1.00e-04      Target one-norm of x  : 1.25e+03
 Basis pursuit tol     : 1.00e-06      Maximum iterations    :      200

  Iter      Objective   Relative Gap      gNorm   stepG    nnzX    nnzG
     0  1.0133336e+02  1.4436322e+01   5.92e+01     0.0       0       0
     1  4.4385474e+01  7.2895504e+01   5.30e+01    -0.3    1445       0
     2  3.6579474e+00  5.0211488e+02   2.82e+00     0.0   21833       0
     3  2.7003941e+00  1.0515818e+02   3.03e-01     0.0   21732       0
     4  2.6455821e+00  1.0813607e+02   2.99e-01     0.0   21826       0
     5  1.3697182e+00  1.9694120e+02   1.56e-01     0.0   23113       0
     6  1.0090963e+00  1.2210222e+02   9.75e-02     0.0   23369       0
     7  8.1203487e-01  6.2690442e+02   4.77e-01     0.0   23959       0
     8  1.1705689e+00  1.2651142e+03   1.07e+00    -0.3   24018       0
     9  7.0682617e-01  8.7656767e+01   6.83e-02     0.0   24005       0
    10  7.0257496e-01  5.2658004e+01   4.18e-02     0.0   24000       0
    11  6.7934513e-01  5.1525945e+01   4.09e-02     0.0   24053       0
    12  5.0574447e-01  6.3186079e+01   5.21e-02     0.0   24578       0
    13  5.4854591e-01  4.9472616e+02   3.76e-01    -0.3   24645       0
    14  5.0862989e-01  2.9944073e+02   2.53e-01    -0.3   24666       0
    15  4.5502373e-01  3.2412955e+01   2.57e-02     0.0   24663       0
    16  4.5275126e-01  2.7854568e+01   2.22e-02     0.0   24668       0
    17  3.8203782e-01  2.6573631e+01   2.10e-02     0.0   24824       0
    18  3.5434219e-01  2.2481526e+02   1.90e-01     0.0   24991       0
    19  4.3208670e-01  4.9581353e+02   3.77e-01    -0.3   24974       0
    20  3.0415343e-01  2.4352542e+01   1.99e-02     0.0   25002       0
    21  3.0226311e-01  1.6389986e+01   1.31e-02     0.0   25005       0
    22  2.8661011e-01  1.4841072e+01   1.19e-02     0.0   25008       0
    23  2.4769194e-01  3.9140501e+01   3.01e-02     0.0   25106       0
    24  2.7032715e-01  1.7009918e+02   1.44e-01    -0.3   25114       0
    25  2.5860972e-01  1.7110499e+02   1.30e-01     0.0   25100       0
    26  2.3729549e-01  1.1199481e+01   8.98e-03     0.0   25107       0
    27  2.3652389e-01  1.2215687e+01   9.71e-03     0.0   25109       0
    28  1.9675980e-01  1.0705709e+01   8.63e-03     0.0   25166       0
    29  1.9086270e-01  1.4631486e+02   1.11e-01    -0.3   25207       0
    30  2.0600622e-01  1.6427393e+02   1.39e-01    -0.3   25199       0
    31  1.6575205e-01  1.1412168e+01   8.91e-03     0.0   25197       0
    32  1.6482262e-01  7.1009425e+00   5.64e-03     0.0   25198       0
    33  1.5398492e-01  7.3869686e+00   5.85e-03     0.0   25202       0
    34  1.3835230e-01  2.3499584e+01   1.98e-02     0.0   25230       0
    35  1.4998612e-01  1.0654812e+02   8.10e-02    -0.3   25230       0
    36  1.3573977e-01  1.9159002e+01   1.61e-02     0.0   25236       0
    37  1.3482241e-01  5.9032480e+00   4.70e-03     0.0   25232       0
    38  1.3437855e-01  5.5899075e+00   4.46e-03     0.0   25232       0
    39  9.9198270e-02  1.4385890e+01   1.10e-02     0.0   25308       0
    40  1.1387176e-01  9.9744750e+01   8.41e-02    -0.3   25312       0
    41  9.5536478e-02  6.4047451e+01   4.87e-02    -0.3   25307       0
    42  8.6738939e-02  3.0289769e+00   2.42e-03     0.0   25306       0
    43  8.6292020e-02  3.0063809e+00   2.39e-03     0.0   25305       0
    44  7.7671764e-02  3.4929196e+00   2.81e-03     0.0   25307       0
    45  7.2360735e-02  1.9082392e+01   1.46e-02     0.0   25316       0
    46  7.8748182e-02  4.6233687e+01   3.90e-02    -0.3   25318       0
    47  7.0869507e-02  6.8677504e+00   5.29e-03     0.0   25318       0
    48  7.0665322e-02  2.3232627e+00   1.85e-03     0.0   25318       0
    49  7.0380827e-02  2.2830466e+00   1.82e-03     0.0   25319       0
    50  4.8788517e-02  1.0697156e+01   8.98e-03     0.0   25319       0
    51  6.6625947e-02  8.0749445e+01   6.13e-02    -0.3   25310       0
    52  5.4620577e-02  4.8112324e+01   4.06e-02     0.0   25316       0
    53  4.1996915e-02  2.2204683e+00   1.77e-03     0.0   25315       0
    54  4.1664201e-02  2.2799651e+00   1.83e-03     0.0   25316       0
    55  3.6496407e-02  1.1781286e+00   9.36e-04     0.0   25319       0
    56  3.4712260e-02  3.5501374e+00   2.97e-03     0.0   25322       0
    57  4.1372236e-02  3.7742874e+01   2.87e-02    -0.3   25325       0
    58  3.5313716e-02  1.3357729e+01   1.13e-02     0.0   25325       0
    59  3.3848625e-02  1.1910160e+00   9.49e-04     0.0   25326       0
    60  3.3793595e-02  1.2039663e+00   9.61e-04     0.0   25326       0
    61  1.0685709e-02  6.3300893e-01   4.87e-04     0.0   25355       0
    62  2.2807180e-02  2.8750580e+01   2.42e-02    -0.3   25353       0
    63  1.0197671e-02  2.2538917e+00   1.72e-03    -0.3   25353       0
    64  1.0035773e-02  5.4019650e-01   4.33e-04     0.0   25353       0

 EXIT -- Optimal solution found

 Products with A     :      94        Total time   (secs) :    25.0
 Products with A'    :      65        Project time (secs) :     0.1
 Newton iterations   :       0        Mat-vec time (secs) :    24.4
 Line search its     :      61        Subspace iterations :       0

