
 ==================================================================================
 PQNL1_SLIM v. 46  (Tue, 14 Jun 2011) based on v.1017
 ==================================================================================
 No. rows              :      200      No. columns           :      512
 Initial tau           : 2.00e+01      Two-norm of b         : 1.37e-01
 Optimality tol        : 1.00e-04      Target one-norm of x  : 2.00e+01
 Basis pursuit tol     : 1.00e-06      Maximum iterations    :      100

  Iter      Objective   Relative Gap      gNorm   stepG    nnzX    nnzG
     0  1.3680221e-01  2.3184035e-01   1.16e-02     0.0       0       0
Inside of minConf_PQN 
 Iteration   FunEvals Projections     Step Length          rNorm2        Opt Cond
         1          1          4     1.00000e+00     1.31783e-01     3.35122e-01
         2          1         12     1.00000e+00     1.23476e-01     2.33344e-01
         3          1         23     1.00000e+00     1.17801e-01     2.79045e-01
         4          1         43     1.00000e+00     9.89596e-02     3.57041e-01
         5          1         60     1.00000e+00     8.10829e-02     2.20582e-01
         6          1         84     1.00000e+00     6.85700e-02     9.27258e-02
         7          1        106     1.00000e+00     6.30724e-02     1.22397e-01
         8          1        131     1.00000e+00     5.83658e-02     1.23983e-01
         9          1        146     1.00000e+00     5.20776e-02     6.73806e-02
        10          1        176     1.00000e+00     4.76269e-02     4.24904e-02
        11          1        201     1.00000e+00     4.62030e-02     4.76820e-02
        12          1        220     1.00000e+00     4.33369e-02     3.74807e-02
        13          1        247     1.00000e+00     3.94667e-02     2.31128e-02
        14          1        272     1.00000e+00     3.72671e-02     2.63489e-02
        15          1        314     1.00000e+00     3.55552e-02     3.24276e-02
        16          1        343     1.00000e+00     3.36017e-02     1.73206e-02
        17          1        387     1.00000e+00     3.21355e-02     1.73815e-02
        18          1        433     1.00000e+00     3.13397e-02     2.35353e-02
        19          1        481     1.00000e+00     3.04565e-02     1.87351e-02
        20          1        515     1.00000e+00     2.88397e-02     1.11704e-02
        21          1        559     1.00000e+00     2.83181e-02     1.80194e-02
        22          1        577     1.00000e+00     2.80930e-02     1.15729e-02
        23          1        621     1.00000e+00     2.75215e-02     1.34798e-02
        24          1        663     1.00000e+00     2.70112e-02     1.92493e-02
        25          1        727     1.00000e+00     2.64679e-02     2.03276e-02
        26          1        762     1.00000e+00     2.51518e-02     1.27081e-02
        27          1        815     1.00000e+00     2.40902e-02     6.32488e-03
        28          1        846     1.00000e+00     2.37047e-02     8.79962e-03
        29          1        888     1.00000e+00     2.33801e-02     1.32556e-02
        30          1        954     1.00000e+00     2.29789e-02     1.21462e-02
        31          1       1001     1.00000e+00     2.17770e-02     7.48267e-03
        32          1       1060     1.00000e+00     2.02657e-02     4.16200e-03
        33          1       1104     1.00000e+00     1.94495e-02     3.19121e-03
        34          1       1160     1.00000e+00     1.85656e-02     4.08843e-03
        35          1       1197     1.00000e+00     1.80521e-02     4.27078e-03
        36          1       1274     1.00000e+00     1.68758e-02     2.52844e-03
        37          1       1342     1.00000e+00     1.58806e-02     2.60382e-03
        38          1       1406     1.00000e+00     1.44873e-02     2.42812e-03
        39          1       1440     1.00000e+00     1.37721e-02     1.81714e-03
        40          1       1488     1.00000e+00     1.33920e-02     1.67913e-03
        41          1       1543     1.00000e+00     1.28683e-02     2.30926e-03
        42          1       1608     1.00000e+00     1.22694e-02     2.78802e-03
        43          1       1668     1.00000e+00     1.18446e-02     1.79066e-03
        44          1       1736     1.00000e+00     1.12832e-02     1.51061e-03
        45          1       1779     1.00000e+00     1.10608e-02     2.03204e-03
        46          1       1850     1.00000e+00     1.08233e-02     4.11405e-03
        47          1       1875     1.00000e+00     1.07389e-02     2.53672e-03
        48          1       1926     1.00000e+00     1.06085e-02     2.07428e-03
        49          1       1990     1.00000e+00     1.05494e-02     2.70049e-03
        50          1       2049     1.00000e+00     1.04435e-02     2.62102e-03
        51          1       2097     1.00000e+00     9.90529e-03     2.26190e-03
        52          1       2161     1.00000e+00     9.43368e-03     1.28434e-03
        53          1       2218     1.00000e+00     9.22313e-03     1.09997e-03
        54          1       2265     1.00000e+00     8.96183e-03     1.52723e-03
        55          1       2348     1.00000e+00     8.69080e-03     1.74190e-03
        56          1       2404     1.00000e+00     8.40911e-03     1.66973e-03
        57          1       2464     1.00000e+00     7.84835e-03     7.23672e-04
        58          1       2538     1.00000e+00     7.48556e-03     1.68967e-03
        59          1       2595     1.00000e+00     7.35553e-03     1.09236e-03
        60          1       2675     1.00000e+00     7.17516e-03     1.35210e-03
        61          1       2705     1.00000e+00     7.13368e-03     2.83181e-03
        62          1       2767     1.00000e+00     7.07345e-03     2.75676e-03
        63          1       2817     1.00000e+00     6.79055e-03     1.19777e-03
        64          1       2837     1.00000e+00     6.74669e-03     1.06287e-03
        65          1       2895     1.00000e+00     6.29367e-03     1.04351e-03
        66          1       2949     1.00000e+00     6.18019e-03     1.11567e-03
        67          1       2985     1.00000e+00     6.04871e-03     7.30873e-04
        68          1       3024     1.00000e+00     5.94240e-03     1.18540e-03
        69          1       3096     1.00000e+00     5.71397e-03     1.16284e-03
        70          1       3162     1.00000e+00     5.33773e-03     6.41578e-04
        71          1       3227     1.00000e+00     5.17954e-03     7.30734e-04
        72          1       3292     1.00000e+00     5.05078e-03     1.08332e-03
        73          1       3369     1.00000e+00     4.89875e-03     6.86330e-04
        74          1       3487     1.00000e+00     4.72627e-03     8.64120e-04
        75          1       3539     1.00000e+00     4.66316e-03     6.82325e-04
        76          1       3615     1.00000e+00     4.49210e-03     7.12625e-04
        77          1       3689     1.00000e+00     4.39631e-03     5.90380e-04
        78          1       3755     1.00000e+00     4.17915e-03     5.94027e-04
        79          1       3808     1.00000e+00     3.83241e-03     6.19030e-04
        80          1       3928     1.00000e+00     3.59888e-03     1.02949e-03
        81          1       3995     1.00000e+00     3.46835e-03     7.49835e-04
        82          1       4087     1.00000e+00     3.15017e-03     6.00782e-04
        83          1       4154     1.00000e+00     3.07537e-03     1.14402e-03
        84          1       4210     1.00000e+00     3.01373e-03     6.66544e-04
        85          1       4289     1.00000e+00     2.94195e-03     5.70398e-04
        86          1       4349     1.00000e+00     2.90168e-03     8.65315e-04
        87          1       4408     1.00000e+00     2.86608e-03     9.37615e-04
        88          1       4454     1.00000e+00     2.80737e-03     6.06027e-04
        89          1       4568     1.00000e+00     2.68250e-03     4.33554e-04
        90          1       4627     1.00000e+00     2.59551e-03     3.79102e-04
        91          1       4734     1.00000e+00     2.53812e-03     5.41436e-04
        92          1       4782     1.00000e+00     2.46718e-03     2.53191e-04
        93          1       4852     1.00000e+00     2.36620e-03     3.06827e-04
        94          1       4909     1.00000e+00     2.31073e-03     2.44832e-04
        95          1       4963     1.00000e+00     2.22848e-03     3.33507e-04
        96          1       5020     1.00000e+00     2.19127e-03     2.88478e-04
        97          1       5138     1.00000e+00     2.10811e-03     2.43243e-04
        98          1       5167     1.00000e+00     2.09310e-03     1.92749e-04
        99          1       5255     1.00000e+00     1.92223e-03     3.21121e-04
       100          1       5324     1.00000e+00     1.80542e-03     1.93438e-04
   100  1.8054151e-03  8.0520201e-05   9.16e-06     0.0     111       0
 EXIT -- Optimal solution found

 Products with A     :     102        Total time   (secs) :    16.5
 Products with A'    :     102        Project time (secs) :    22.3
 Newton iterations   :       0        Mat-vec time (secs) :     0.1

