
 ==================================================================================
 PQNL1_SLIM v. 46  (Tue, 14 Jun 2011) based on v.1017
 ==================================================================================
 No. rows              :      250      No. columns           :      512
 Initial tau           : 2.00e+01      Two-norm of b         : 1.67e-01
 Optimality tol        : 1.00e-04      Target one-norm of x  : 2.00e+01
 Basis pursuit tol     : 1.00e-06      Maximum iterations    :      100

  Iter      Objective   Relative Gap      gNorm   stepG    nnzX    nnzG
     0  1.6693101e-01  1.1083197e-01   5.54e-03     0.0       0       0
Inside of minConf_PQN 
 Iteration   FunEvals Projections     Step Length          rNorm2        Opt Cond
         1          1          4     1.00000e+00     1.63478e-01     3.55612e-01
         2          1         13     1.00000e+00     1.51264e-01     3.39694e-01
         3          1         28     1.00000e+00     1.38645e-01     4.46561e-01
         4          1         40     1.00000e+00     1.11704e-01     3.84326e-01
         5          1         58     1.00000e+00     8.33365e-02     2.06735e-01
         6          1         71     1.00000e+00     7.42862e-02     6.99887e-02
         7          1         85     1.00000e+00     7.22020e-02     1.00313e-01
         8          1        100     1.00000e+00     6.88036e-02     9.37615e-02
         9          1        119     1.00000e+00     6.15139e-02     5.04048e-02
        10          1        152     1.00000e+00     5.64114e-02     2.82347e-02
        11          1        186     1.00000e+00     5.37325e-02     3.13209e-02
        12          1        219     1.00000e+00     4.86348e-02     2.27631e-02
        13          1        242     1.00000e+00     4.24184e-02     1.62933e-02
        14          1        259     1.00000e+00     3.73999e-02     1.41128e-02
        15          1        300     1.00000e+00     3.32757e-02     8.49582e-03
        16          1        353     1.00000e+00     3.02265e-02     8.26793e-03
        17          1        389     1.00000e+00     2.83286e-02     1.13200e-02
        18          1        426     1.00000e+00     2.59334e-02     5.59803e-03
        19          1        480     1.00000e+00     2.45730e-02     9.08566e-03
        20          1        522     1.00000e+00     2.34460e-02     6.84713e-03
        21          1        561     1.00000e+00     2.18606e-02     5.43989e-03
        22          1        602     1.00000e+00     2.06421e-02     6.84542e-03
        23          1        659     1.00000e+00     1.80454e-02     3.98718e-03
        24          1        728     1.00000e+00     1.66817e-02     3.32626e-03
        25          1        768     1.00000e+00     1.47431e-02     2.86641e-03
        26          1        808     1.00000e+00     1.36627e-02     2.00310e-03
        27          1        889     1.00000e+00     1.24296e-02     2.40837e-03
        28          1        956     1.00000e+00     1.17122e-02     2.70900e-03
        29          1        995     1.00000e+00     1.06531e-02     2.84671e-03
        30          1       1031     1.00000e+00     9.44573e-03     1.46625e-03
        31          1       1134     1.00000e+00     8.77385e-03     1.88587e-03
        32          1       1197     1.00000e+00     8.30075e-03     1.68604e-03
        33          1       1209     1.00000e+00     7.99355e-03     5.95236e-03
        34          1       1281     1.00000e+00     7.59893e-03     4.09069e-03
        35          1       1343     1.00000e+00     7.05380e-03     1.80535e-03
        36          1       1383     1.00000e+00     6.75901e-03     1.58561e-03
        37          1       1467     1.00000e+00     6.48238e-03     3.12703e-03
        38          1       1558     1.00000e+00     6.16998e-03     2.88420e-03
        39          1       1601     1.00000e+00     5.50114e-03     2.30911e-03
        40          1       1644     1.00000e+00     4.86728e-03     1.12531e-03
        41          1       1709     1.00000e+00     4.49910e-03     7.27924e-04
        42          1       1767     1.00000e+00     4.15663e-03     7.75359e-04
        43          1       1842     1.00000e+00     3.83452e-03     1.25805e-03
        44          1       1894     1.00000e+00     3.39682e-03     1.03068e-03
        45          1       1952     1.00000e+00     2.88453e-03     6.98205e-04
        46          1       2008     1.00000e+00     2.45652e-03     4.15346e-04
        47          1       2071     1.00000e+00     2.11254e-03     5.45323e-04
        48          1       2139     1.00000e+00     1.83822e-03     4.38576e-04
        49          1       2174     1.00000e+00     1.58712e-03     4.72698e-04
        50          1       2216     1.00000e+00     1.47920e-03     2.28151e-04
        51          1       2259     1.00000e+00     1.38404e-03     2.05905e-04
        52          1       2282     1.00000e+00     1.24524e-03     1.39012e-03
        53          1       2300     1.00000e+00     1.20754e-03     3.24231e-04
        54          1       2340     1.00000e+00     1.17075e-03     5.07326e-04
        55          1       2419     1.00000e+00     1.03353e-03     2.46899e-04
        56          1       2456     1.00000e+00     9.49566e-04     3.55729e-04
        57          1       2496     1.00000e+00     8.96413e-04     2.88889e-04
        58          1       2553     1.00000e+00     7.76214e-04     1.85596e-04
        59          1       2652     1.00000e+00     7.18549e-04     2.27171e-04
        60          1       2718     1.00000e+00     6.28416e-04     1.62876e-04
        61          1       2744     1.00000e+00     5.67368e-04     1.59320e-04
        62          1       2802     1.00000e+00     4.60099e-04     8.00277e-05
        63          1       2859     1.00000e+00     3.75903e-04     8.62708e-05
        64          1       2932     1.00000e+00     3.25804e-04     6.83867e-05
        65          1       2997     1.00000e+00     2.48711e-04     7.03611e-05
        66          1       3058     1.00000e+00     2.23285e-04     7.89400e-05
        67          1       3112     1.00000e+00     1.71600e-04     3.02021e-05
        68          1       3181     1.00000e+00     1.50126e-04     4.64343e-05
        69          1       3246     1.00000e+00     1.37428e-04     2.87486e-05
        70          1       3316     1.00000e+00     1.27722e-04     5.87861e-05
        71          1       3387     1.00000e+00     1.20294e-04     4.64692e-05
        72          1       3455     1.00000e+00     1.06920e-04     2.52002e-05
        73          1       3518     1.00000e+00     9.81509e-05     4.51418e-05
Optimal solution found
    73  9.8150858e-05  9.8859094e-06   9.14e-07     0.0      26       0
 EXIT -- Optimal solution found

 Products with A     :      75        Total time   (secs) :    11.1
 Products with A'    :      75        Project time (secs) :    15.1
 Newton iterations   :       0        Mat-vec time (secs) :     0.1

