
 ==================================================================================
 PQNL1_SLIM v. 46  (Tue, 14 Jun 2011) based on v.1017
 ==================================================================================
 No. rows              :      500      No. columns           :      512
 Initial tau           : 2.00e+01      Two-norm of b         : 2.12e-01
 Optimality tol        : 1.00e-04      Target one-norm of x  : 2.00e+01
 Basis pursuit tol     : 1.00e-06      Maximum iterations    :      100

  Iter      Objective   Relative Gap      gNorm   stepG    nnzX    nnzG
     0  2.1242558e-01  9.7163039e-02   4.86e-03     0.0       0       0
Inside of minConf_PQN 
 Iteration   FunEvals Projections     Step Length          rNorm2        Opt Cond
         1          1          4     1.00000e+00     2.09903e-01     3.77185e-01
         2          1         16     1.00000e+00     1.62150e-01     4.76767e-01
         3          1         33     1.00000e+00     1.34259e-01     1.95506e-01
         4          1         43     1.00000e+00     1.26101e-01     1.57320e-01
         5          1         55     1.00000e+00     1.04515e-01     6.67468e-02
         6          1         71     1.00000e+00     9.50492e-02     5.34300e-02
         7          1         92     1.00000e+00     6.66554e-02     2.97255e-02
         8          1        111     1.00000e+00     4.96110e-02     2.94458e-02
         9          1        133     1.00000e+00     4.29834e-02     1.90994e-02
        10          1        164     1.00000e+00     3.75302e-02     1.70357e-02
        11          1        197     1.00000e+00     3.08375e-02     1.26295e-02
        12          1        227     1.00000e+00     2.36249e-02     8.02829e-03
        13          1        258     1.00000e+00     1.56236e-02     8.12947e-03
        14          1        278     1.00000e+00     1.23328e-02     3.80470e-03
        15          1        324     1.00000e+00     9.30687e-03     3.89375e-03
        16          1        359     1.00000e+00     6.20780e-03     2.09045e-03
        17          1        388     1.00000e+00     4.36609e-03     1.60791e-03
        18          1        425     1.00000e+00     2.73101e-03     1.55538e-03
        19          1        464     1.00000e+00     1.84977e-03     1.30821e-03
        20          1        495     1.00000e+00     1.51595e-03     1.30023e-03
        21          1        542     1.00000e+00     1.30168e-03     1.39766e-03
        22          1        574     1.00000e+00     9.84600e-04     1.55766e-03
        23          1        618     1.00000e+00     7.30806e-04     4.24945e-04
        24          1        661     1.00000e+00     6.71646e-04     6.46389e-04
        25          1        701     1.00000e+00     5.77662e-04     5.72511e-04
        26          1        737     1.00000e+00     4.31994e-04     5.91980e-04
        27          1        783     1.00000e+00     2.46506e-04     1.03978e-04
        28          1        836     1.00000e+00     1.99744e-04     8.53853e-05
        29          1        904     1.00000e+00     1.51418e-04     1.23046e-04
        30          1        944     1.00000e+00     1.16293e-04     8.51362e-05
        31          1        982     1.00000e+00     8.08958e-05     5.04541e-05
Optimal solution found
    31  8.0895834e-05  1.6853037e-05   1.24e-06     0.0      20       0
 EXIT -- Optimal solution found

 Products with A     :      33        Total time   (secs) :     2.7
 Products with A'    :      33        Project time (secs) :     3.7
 Newton iterations   :       0        Mat-vec time (secs) :     0.0

