
 ==================================================================================
 PQNL1_SLIM v. 46  (Tue, 14 Jun 2011) based on v.1017
 ==================================================================================
 No. rows              :      350      No. columns           :      512
 Initial tau           : 2.00e+01      Two-norm of b         : 2.45e-01
 Optimality tol        : 1.00e-04      Target one-norm of x  : 2.00e+01
 Basis pursuit tol     : 1.00e-06      Maximum iterations    :      100

  Iter      Objective   Relative Gap      gNorm   stepG    nnzX    nnzG
     0  2.4481726e-01  4.2099524e-01   2.10e-02     0.0       0       0
Inside of minConf_PQN 
 Iteration   FunEvals Projections     Step Length          rNorm2        Opt Cond
         1          1          4     1.00000e+00     2.16191e-01     1.01261e+00
         2          1         12     1.00000e+00     1.87025e-01     4.04424e-01
         3          1         22     1.00000e+00     1.78162e-01     4.42762e-01
         4          1         34     1.00000e+00     1.39856e-01     4.49123e-01
         5          1         49     1.00000e+00     1.13371e-01     2.39196e-01
         6          1         69     1.00000e+00     1.00529e-01     9.97542e-02
         7          1         82     1.00000e+00     9.43733e-02     1.40662e-01
         8          1         98     1.00000e+00     9.04637e-02     1.17019e-01
         9          1        114     1.00000e+00     8.09512e-02     5.92024e-02
        10          1        136     1.00000e+00     7.52335e-02     6.41031e-02
        11          1        153     1.00000e+00     6.98138e-02     5.10359e-02
        12          1        179     1.00000e+00     6.05125e-02     2.54057e-02
        13          1        207     1.00000e+00     5.39269e-02     2.11394e-02
        14          1        230     1.00000e+00     4.63417e-02     1.92868e-02
        15          1        253     1.00000e+00     3.87396e-02     1.14281e-02
        16          1        285     1.00000e+00     3.29496e-02     1.08073e-02
        17          1        317     1.00000e+00     2.66448e-02     2.06382e-02
        18          1        370     1.00000e+00     2.53969e-02     1.87776e-02
        19          1        425     1.00000e+00     2.18570e-02     7.40468e-03
        20          1        440     1.00000e+00     2.11533e-02     6.57029e-03
        21          1        506     1.00000e+00     1.78043e-02     5.35899e-03
        22          1        557     1.00000e+00     1.43292e-02     6.00831e-03
        23          1        599     1.00000e+00     1.15597e-02     2.72960e-03
        24          1        662     1.00000e+00     9.36717e-03     2.32690e-03
        25          1        708     1.00000e+00     7.82817e-03     2.54157e-03
        26          1        746     1.00000e+00     5.75171e-03     1.18804e-03
        27          1        785     1.00000e+00     4.62057e-03     3.23252e-03
        28          1        821     1.00000e+00     4.16973e-03     2.22777e-03
        29          1        849     1.00000e+00     3.58316e-03     1.65273e-03
        30          1        912     1.00000e+00     3.22429e-03     2.22406e-03
        31          1        963     1.00000e+00     2.79787e-03     1.49547e-03
        32          1       1015     1.00000e+00     2.13595e-03     7.08964e-04
        33          1       1032     1.00000e+00     2.02720e-03     1.04497e-03
        34          1       1075     1.00000e+00     1.91229e-03     1.20109e-03
        35          1       1096     1.00000e+00     1.61653e-03     2.15904e-03
        36          1       1137     1.00000e+00     1.29074e-03     5.66704e-04
        37          1       1170     1.00000e+00     1.19312e-03     4.52207e-04
        38          1       1236     1.00000e+00     1.04083e-03     3.64925e-04
        39          1       1306     1.00000e+00     8.66303e-04     2.44351e-04
        40          1       1326     1.00000e+00     7.47380e-04     3.86337e-04
        41          1       1357     1.00000e+00     6.08170e-04     1.56600e-04
        42          1       1406     1.00000e+00     5.33215e-04     1.60915e-04
        43          1       1470     1.00000e+00     3.82127e-04     1.10139e-04
        44          1       1533     1.00000e+00     2.82754e-04     1.21540e-04
        45          1       1614     1.00000e+00     1.84797e-04     7.01326e-05
        46          1       1665     1.00000e+00     1.33144e-04     6.91220e-05
        47          1       1723     1.00000e+00     1.11106e-04     3.20072e-05
        48          1       1762     1.00000e+00     9.18806e-05     4.41266e-05
Optimal solution found
    48  9.1880593e-05  1.0193550e-05   9.54e-07     0.0      21       0
 EXIT -- Optimal solution found

 Products with A     :      50        Total time   (secs) :     5.0
 Products with A'    :      50        Project time (secs) :     6.9
 Newton iterations   :       0        Mat-vec time (secs) :     0.0

