
 ==================================================================================
 PQNL1_SLIM v. 46  (Tue, 14 Jun 2011) based on v.1017
 ==================================================================================
 No. rows              :      300      No. columns           :      512
 Initial tau           : 2.00e+01      Two-norm of b         : 2.35e-01
 Optimality tol        : 1.00e-04      Target one-norm of x  : 2.00e+01
 Basis pursuit tol     : 1.00e-06      Maximum iterations    :      100

  Iter      Objective   Relative Gap      gNorm   stepG    nnzX    nnzG
     0  2.3479729e-01  4.7414204e-01   2.37e-02     0.0       0       0
Inside of minConf_PQN 
 Iteration   FunEvals Projections     Step Length          rNorm2        Opt Cond
         1          1          4     1.00000e+00     1.87258e-01     1.23443e+00
         2          1         11     1.00000e+00     1.49339e-01     2.45234e-01
         3          1         19     1.00000e+00     1.45889e-01     2.47468e-01
         4          1         44     1.00000e+00     1.03669e-01     3.37640e-01
         5          1         61     1.00000e+00     8.57807e-02     1.92029e-01
         6          1         75     1.00000e+00     7.58614e-02     7.44501e-02
         7          1         89     1.00000e+00     7.30363e-02     1.08185e-01
         8          1        106     1.00000e+00     6.98610e-02     8.89928e-02
         9          1        126     1.00000e+00     6.28630e-02     3.95855e-02
        10          1        148     1.00000e+00     5.93637e-02     4.16990e-02
        11          1        173     1.00000e+00     5.57974e-02     3.79213e-02
        12          1        208     1.00000e+00     5.03151e-02     2.52258e-02
        13          1        234     1.00000e+00     4.47802e-02     1.46533e-02
        14          1        260     1.00000e+00     4.32742e-02     1.58361e-02
        15          1        303     1.00000e+00     3.83203e-02     1.00705e-02
        16          1        347     1.00000e+00     3.39347e-02     8.63571e-03
        17          1        393     1.00000e+00     3.14384e-02     8.63576e-03
        18          1        424     1.00000e+00     2.67847e-02     2.02081e-02
        19          1        466     1.00000e+00     2.49291e-02     1.78104e-02
        20          1        498     1.00000e+00     2.25943e-02     1.22956e-02
        21          1        557     1.00000e+00     2.03627e-02     4.10712e-03
        22          1        594     1.00000e+00     1.87498e-02     7.16240e-03
        23          1        657     1.00000e+00     1.76132e-02     7.04094e-03
        24          1        708     1.00000e+00     1.53301e-02     3.18896e-03
        25          1        752     1.00000e+00     1.41391e-02     3.12903e-03
        26          1        818     1.00000e+00     1.21002e-02     2.51034e-03
        27          1        853     1.00000e+00     1.07172e-02     1.02021e-02
        28          1        962     1.00000e+00     9.70082e-03     3.99222e-03
        29          1       1010     1.00000e+00     9.15746e-03     2.98134e-03
        30          1       1088     1.00000e+00     8.03034e-03     2.74018e-03
        31          1       1128     1.00000e+00     7.42263e-03     3.94925e-03
        32          1       1190     1.00000e+00     6.41495e-03     3.11688e-03
        33          1       1248     1.00000e+00     4.98106e-03     1.28702e-03
        34          1       1296     1.00000e+00     4.26982e-03     1.16456e-03
        35          1       1341     1.00000e+00     3.24577e-03     1.18809e-03
        36          1       1387     1.00000e+00     2.92744e-03     9.42262e-04
        37          1       1434     1.00000e+00     2.54425e-03     7.65843e-04
        38          1       1513     1.00000e+00     2.13449e-03     8.07469e-04
        39          1       1567     1.00000e+00     1.72239e-03     5.26539e-04
        40          1       1612     1.00000e+00     1.45948e-03     6.03037e-04
        41          1       1675     1.00000e+00     1.17724e-03     4.13305e-04
        42          1       1741     1.00000e+00     1.06413e-03     3.44610e-04
        43          1       1794     1.00000e+00     9.69800e-04     3.19984e-04
        44          1       1816     1.00000e+00     8.70488e-04     4.94424e-04
        45          1       1871     1.00000e+00     7.94278e-04     2.98114e-04
        46          1       1935     1.00000e+00     6.92181e-04     2.87856e-04
        47          1       1995     1.00000e+00     5.86816e-04     2.66813e-04
        48          1       2018     1.00000e+00     5.11922e-04     3.03724e-04
        49          1       2064     1.00000e+00     3.75450e-04     9.67895e-05
        50          1       2134     1.00000e+00     3.09177e-04     9.71552e-05
        51          1       2199     1.00000e+00     2.42789e-04     5.30268e-05
        52          1       2245     1.00000e+00     1.88156e-04     6.06712e-05
        53          1       2267     1.00000e+00     1.68106e-04     9.57165e-05
        54          1       2291     1.00000e+00     1.38971e-04     6.49721e-05
        55          1       2330     1.00000e+00     1.21004e-04     4.79273e-05
        56          1       2424     1.00000e+00     1.09363e-04     9.85485e-05
        57          1       2516     1.00000e+00     9.93119e-05     8.75984e-05
Optimal solution found
    57  9.9311940e-05  3.0261390e-05   2.07e-06     0.0      25       0
 EXIT -- Optimal solution found

 Products with A     :      59        Total time   (secs) :     7.3
 Products with A'    :      59        Project time (secs) :    10.1
 Newton iterations   :       0        Mat-vec time (secs) :     0.1

