
 ==================================================================================
 PQNL1_SLIM v. 46  (Tue, 14 Jun 2011) based on v.1017
 ==================================================================================
 No. rows              :      450      No. columns           :      512
 Initial tau           : 2.00e+01      Two-norm of b         : 2.36e-01
 Optimality tol        : 1.00e-04      Target one-norm of x  : 2.00e+01
 Basis pursuit tol     : 1.00e-06      Maximum iterations    :      100

  Iter      Objective   Relative Gap      gNorm   stepG    nnzX    nnzG
     0  2.3609630e-01  5.9192697e-01   2.96e-02     0.0       0       0
Inside of minConf_PQN 
 Iteration   FunEvals Projections     Step Length          rNorm2        Opt Cond
         1          1          4     1.00000e+00     2.17678e-01     7.41145e-01
         2          1         12     1.00000e+00     1.99465e-01     3.35925e-01
         3          1         23     1.00000e+00     1.93309e-01     3.74417e-01
         4          1         36     1.00000e+00     1.56089e-01     5.51337e-01
         5          1         48     1.00000e+00     1.28393e-01     3.72786e-01
         6          1         62     1.00000e+00     1.14771e-01     1.09661e-01
         7          1         78     1.00000e+00     1.09153e-01     1.72737e-01
         8          1         98     1.00000e+00     1.06331e-01     1.91251e-01
         9          1        122     1.00000e+00     9.62816e-02     1.16532e-01
        10          1        149     1.00000e+00     8.73676e-02     5.13667e-02
        11          1        179     1.00000e+00     8.22431e-02     7.76596e-02
        12          1        208     1.00000e+00     7.72618e-02     6.76402e-02
        13          1        234     1.00000e+00     6.26947e-02     3.54774e-02
        14          1        256     1.00000e+00     4.92569e-02     1.68391e-02
        15          1        283     1.00000e+00     4.36843e-02     2.09408e-02
        16          1        305     1.00000e+00     2.91535e-02     1.02823e-02
        17          1        339     1.00000e+00     2.46839e-02     6.78329e-03
        18          1        367     1.00000e+00     1.75077e-02     7.53771e-03
        19          1        424     1.00000e+00     1.44038e-02     5.13833e-03
        20          1        453     1.00000e+00     9.67407e-03     4.69095e-03
        21          1        475     1.00000e+00     8.88039e-03     2.50894e-03
        22          1        530     1.00000e+00     7.78867e-03     5.47693e-03
        23          1        572     1.00000e+00     7.31796e-03     4.89594e-03
        24          1        617     1.00000e+00     5.16257e-03     1.54861e-03
        25          1        662     1.00000e+00     4.25290e-03     1.74871e-03
        26          1        726     1.00000e+00     3.66403e-03     1.98114e-03
        27          1        768     1.00000e+00     2.89285e-03     2.59997e-03
        28          1        809     1.00000e+00     2.09264e-03     9.84354e-04
        29          1        859     1.00000e+00     1.80274e-03     7.82700e-04
        30          1        920     1.00000e+00     1.62826e-03     1.35916e-03
        31          1        992     1.00000e+00     1.46800e-03     1.10476e-03
        32          1       1037     1.00000e+00     1.17640e-03     4.30515e-04
        33          1       1099     1.00000e+00     1.04267e-03     3.94537e-04
        34          1       1147     1.00000e+00     8.93563e-04     6.32275e-04
        35          1       1193     1.00000e+00     7.74533e-04     5.79778e-04
        36          1       1244     1.00000e+00     4.61928e-04     1.26374e-04
        37          1       1273     1.00000e+00     3.72437e-04     1.58815e-04
        38          1       1333     1.00000e+00     3.04603e-04     1.66729e-04
        39          1       1386     1.00000e+00     2.21637e-04     8.64447e-05
        40          1       1422     1.00000e+00     1.68647e-04     8.35087e-05
        41          1       1473     1.00000e+00     1.44253e-04     8.60954e-05
        42          1       1502     1.00000e+00     8.01826e-05     4.03731e-05
Optimal solution found
    42  8.0182563e-05  8.8860658e-06   9.37e-07     0.0      20       0
 EXIT -- Optimal solution found

 Products with A     :      44        Total time   (secs) :     4.8
 Products with A'    :      44        Project time (secs) :     6.4
 Newton iterations   :       0        Mat-vec time (secs) :     0.1

