
 ==================================================================================
 PQNL1_SLIM v. 46  (Tue, 14 Jun 2011) based on v.1017
 ==================================================================================
 No. rows              :      400      No. columns           :      512
 Initial tau           : 2.00e+01      Two-norm of b         : 2.03e-01
 Optimality tol        : 1.00e-04      Target one-norm of x  : 2.00e+01
 Basis pursuit tol     : 1.00e-06      Maximum iterations    :      100

  Iter      Objective   Relative Gap      gNorm   stepG    nnzX    nnzG
     0  2.0339664e-01  4.9242528e-01   2.46e-02     0.0       0       0
Inside of minConf_PQN 
 Iteration   FunEvals Projections     Step Length          rNorm2        Opt Cond
         1          1          4     1.00000e+00     1.95081e-01     5.00311e-01
         2          1         12     1.00000e+00     1.80067e-01     3.61159e-01
         3          1         23     1.00000e+00     1.69305e-01     4.09012e-01
         4          1         41     1.00000e+00     1.41247e-01     4.46031e-01
         5          1         61     1.00000e+00     1.11316e-01     2.23901e-01
         6          1         74     1.00000e+00     1.01005e-01     9.80552e-02
         7          1         87     1.00000e+00     9.67831e-02     1.41155e-01
         8          1        106     1.00000e+00     9.35034e-02     1.48918e-01
         9          1        119     1.00000e+00     8.63175e-02     6.55218e-02
        10          1        135     1.00000e+00     8.19034e-02     6.33367e-02
        11          1        169     1.00000e+00     7.87960e-02     7.82638e-02
        12          1        192     1.00000e+00     7.27149e-02     6.38437e-02
        13          1        216     1.00000e+00     6.12330e-02     2.93096e-02
        14          1        251     1.00000e+00     5.41916e-02     1.91926e-02
        15          1        287     1.00000e+00     5.09225e-02     3.67840e-02
        16          1        335     1.00000e+00     4.80863e-02     3.38559e-02
        17          1        381     1.00000e+00     3.66756e-02     1.09963e-02
        18          1        409     1.00000e+00     3.40977e-02     8.90328e-03
        19          1        474     1.00000e+00     3.20015e-02     1.36674e-02
        20          1        521     1.00000e+00     2.93228e-02     1.17037e-02
        21          1        569     1.00000e+00     2.33556e-02     1.15596e-02
        22          1        596     1.00000e+00     1.95806e-02     6.03883e-03
        23          1        638     1.00000e+00     1.86179e-02     9.28347e-03
        24          1        677     1.00000e+00     1.67688e-02     1.07269e-02
        25          1        732     1.00000e+00     1.38256e-02     5.86331e-03
        26          1        777     1.00000e+00     1.07367e-02     3.53734e-03
        27          1        832     1.00000e+00     9.27900e-03     3.63190e-03
        28          1        852     1.00000e+00     8.59835e-03     3.88972e-03
        29          1        902     1.00000e+00     6.59130e-03     3.20716e-03
        30          1        947     1.00000e+00     5.41932e-03     1.37070e-03
        31          1       1017     1.00000e+00     5.03422e-03     1.96860e-03
        32          1       1090     1.00000e+00     4.71755e-03     3.74046e-03
        33          1       1171     1.00000e+00     4.20528e-03     3.78434e-03
        34          1       1224     1.00000e+00     3.31005e-03     1.96247e-03
        35          1       1265     1.00000e+00     2.79587e-03     9.45270e-04
        36          1       1307     1.00000e+00     2.59899e-03     1.22332e-03
        37          1       1353     1.00000e+00     2.34054e-03     1.48668e-03
        38          1       1427     1.00000e+00     2.08400e-03     1.10827e-03
        39          1       1453     1.00000e+00     1.81371e-03     8.84692e-04
        40          1       1487     1.00000e+00     1.30508e-03     4.18538e-04
        41          1       1541     1.00000e+00     1.11430e-03     6.13128e-04
        42          1       1602     1.00000e+00     8.85167e-04     2.46026e-04
        43          1       1619     1.00000e+00     8.51262e-04     2.70777e-04
        44          1       1690     1.00000e+00     7.79932e-04     5.41818e-04
        45          1       1747     1.00000e+00     7.06403e-04     5.28222e-04
        46          1       1791     1.00000e+00     4.64068e-04     1.72974e-04
        47          1       1847     1.00000e+00     4.14819e-04     1.42626e-04
        48          1       1898     1.00000e+00     3.55216e-04     1.14397e-04
        49          1       1927     1.00000e+00     2.77284e-04     8.90653e-05
        50          1       2012     1.00000e+00     2.14654e-04     6.37986e-05
        51          1       2055     1.00000e+00     1.57597e-04     4.24426e-05
        52          1       2096     1.00000e+00     1.15533e-04     1.04505e-04
        53          1       2193     1.00000e+00     9.96904e-05     7.50791e-05
Optimal solution found
    53  9.9690361e-05  1.0526892e-04   5.74e-06     0.0      20       0
Inside of minConf_PQN 
 Iteration   FunEvals Projections     Step Length          rNorm2        Opt Cond
        54          1          4     1.00000e+00     9.90755e-05     5.54988e-05
Optimal solution found
    54  9.9075517e-05  6.8561854e-05   3.90e-06     0.0      20       0
 EXIT -- Optimal solution found

 Products with A     :      57        Total time   (secs) :     7.9
 Products with A'    :      57        Project time (secs) :    10.4
 Newton iterations   :       0        Mat-vec time (secs) :     0.1

