
 ==================================================================================
 PQNL1_SLIM v. 46  (Tue, 14 Jun 2011) based on v.1017
 ==================================================================================
 No. rows              :      200      No. columns           :      512
 Initial tau           : 2.00e+01      Two-norm of b         : 1.56e-01
 Optimality tol        : 1.00e-04      Target one-norm of x  : 2.00e+01
 Basis pursuit tol     : 1.00e-06      Maximum iterations    :      600

  Iter      Objective   Relative Gap      gNorm   stepG    nnzX    nnzG
     0  1.5600644e-01  1.2322352e-01   6.16e-03     0.0       0       0
Inside of minConf_PQN 
 Iteration   FunEvals Projections     Step Length          rNorm2        Opt Cond
         1          1          4     1.00000e+00     1.48251e-01     4.65541e-01
         2          1         10     1.00000e+00     1.34569e-01     2.74762e-01
         3          1         23     1.00000e+00     1.19020e-01     3.71508e-01
         4          1         40     1.00000e+00     8.52647e-02     2.61506e-01
         5          1         50     1.00000e+00     8.01005e-02     2.78392e-01
         6          1         59     1.00000e+00     7.60509e-02     1.60738e-01
         7          1         70     1.00000e+00     7.13525e-02     1.34173e-01
         8          1         84     1.00000e+00     6.69145e-02     1.43641e-01
         9          1         98     2.50000e-01     6.37679e-02     2.03716e-01
        10          1        109     1.00000e+00     6.12367e-02     9.97992e-02
        11          1        118     1.00000e+00     5.97111e-02     6.59684e-02
        12          1        133     1.00000e+00     5.84800e-02     8.61586e-02
        13          1        151     1.00000e+00     5.13840e-02     5.77895e-02
        14          1        161     2.50000e-01     5.07635e-02     1.05674e-01
        15          1        171     1.00000e+00     4.99880e-02     5.90941e-02
        16          1        178     1.00000e+00     4.94685e-02     4.82802e-02
        17          1        187     1.00000e+00     4.91770e-02     4.18597e-02
        18          1        203     1.00000e+00     4.58364e-02     3.55638e-02
        19          1        222     1.00000e+00     4.35458e-02     2.51551e-02
        20          1        243     1.00000e+00     4.20824e-02     3.17253e-02
        21          1        265     1.00000e+00     4.06984e-02     3.98914e-02
        22          1        291     1.00000e+00     4.00406e-02     3.09813e-02
        23          1        311     1.00000e+00     3.91363e-02     3.10129e-02
        24          1        321     2.50000e-01     3.81501e-02     1.22238e-01
        25          1        339     1.00000e+00     3.64621e-02     6.41585e-02
        26          1        357     1.00000e+00     3.50080e-02     2.64637e-02
        27          1        376     1.00000e+00     3.43599e-02     3.64246e-02
        28          1        394     1.00000e+00     3.28498e-02     4.22217e-02
        29          1        413     1.00000e+00     3.24168e-02     1.83401e-02
        30          1        437     1.00000e+00     3.20907e-02     2.23115e-02
        31          1        464     1.00000e+00     3.16756e-02     2.39139e-02
        32          1        482     1.00000e+00     3.06843e-02     5.73773e-02
        33          1        496     1.00000e+00     3.02488e-02     3.31985e-02
        34          1        511     1.00000e+00     2.97775e-02     1.81924e-02
        35          1        526     1.00000e+00     2.95635e-02     2.22936e-02
        36          1        559     1.00000e+00     2.88371e-02     1.39775e-02
        37          1        581     1.00000e+00     2.79521e-02     1.28854e-02
        38          1        597     5.00000e-01     2.77774e-02     7.90431e-02
        39          1        604     1.00000e+00     2.70159e-02     3.64570e-02
        40          1        612     1.00000e+00     2.67348e-02     1.03104e-02
        41          1        621     1.00000e+00     2.66856e-02     1.02843e-02
        42          1        637     1.00000e+00     2.64975e-02     1.12604e-02
        43          1        652     1.00000e+00     2.62415e-02     8.08054e-03
        44          1        669     1.00000e+00     2.61279e-02     6.64616e-03
        45          1        690     1.00000e+00     2.59789e-02     6.70252e-03
        46          1        709     1.00000e+00     2.56282e-02     8.63036e-03
        47          1        747     1.00000e+00     2.52676e-02     8.92590e-03
        48          1        759     5.00000e-01     2.49063e-02     5.84563e-02
        49          1        770     1.00000e+00     2.43105e-02     2.76027e-02
        50          1        785     1.00000e+00     2.39593e-02     8.48337e-03
        51          1        805     1.00000e+00     2.38614e-02     1.34219e-02
        52          1        840     1.00000e+00     2.36115e-02     1.47647e-02
        53          1        862     1.00000e+00     2.31232e-02     7.54409e-03
        54          1        890     1.00000e+00     2.28215e-02     7.66612e-03
        55          1        906     1.00000e+00     2.11116e-02     1.03582e-02
        56          1        927     1.00000e+00     2.07656e-02     1.44209e-02
        57          1        963     1.00000e+00     2.06373e-02     1.46435e-02
        58          1        993     1.00000e+00     2.00879e-02     2.70786e-02
        59          1       1004     1.00000e+00     1.98988e-02     1.35703e-02
        60          1       1017     1.00000e+00     1.97661e-02     7.65724e-03
        61          1       1029     1.00000e+00     1.97075e-02     8.86838e-03
        62          1       1048     1.00000e+00     1.94830e-02     8.23887e-03
        63          1       1069     1.00000e+00     1.93791e-02     3.75435e-02
        64          1       1079     1.00000e+00     1.90792e-02     1.69292e-02
        65          1       1089     1.00000e+00     1.89806e-02     4.62192e-03
        66          1       1099     1.00000e+00     1.89658e-02     3.90745e-03
        67          1       1113     1.00000e+00     1.89375e-02     4.04985e-03
        68          1       1127     1.00000e+00     1.89066e-02     4.08541e-03
        69          1       1142     1.00000e+00     1.88438e-02     2.63081e-03
        70          1       1157     1.00000e+00     1.87886e-02     2.77806e-03
        71          1       1172     1.00000e+00     1.86763e-02     4.58785e-03
        72          1       1196     1.00000e+00     1.86097e-02     3.60607e-03
        73          1       1229     1.00000e+00     1.84940e-02     3.79224e-03
        74          1       1260     1.00000e+00     1.83673e-02     4.24728e-03
        75          1       1287     1.00000e+00     1.82429e-02     4.02154e-03
        76          1       1304     1.00000e+00     1.81604e-02     4.00063e-03
        77          1       1337     1.00000e+00     1.80186e-02     4.52668e-03
        78          1       1358     1.00000e+00     1.78244e-02     2.23328e-02
        79          1       1366     1.00000e+00     1.76439e-02     9.17421e-03
        80          1       1374     1.00000e+00     1.75735e-02     4.51456e-03
        81          1       1385     1.00000e+00     1.75455e-02     4.92974e-03
        82          1       1399     1.00000e+00     1.74569e-02     6.44449e-03
        83          1       1427     1.00000e+00     1.73126e-02     5.00796e-03
        84          1       1443     1.00000e+00     1.71373e-02     9.44632e-03
        85          1       1464     1.00000e+00     1.70664e-02     5.01164e-03
        86          1       1498     1.00000e+00     1.69867e-02     3.09927e-03
        87          1       1531     1.00000e+00     1.69421e-02     3.15012e-03
        88          1       1545     5.00000e-01     1.68351e-02     1.25489e-02
        89          1       1574     1.00000e+00     1.67356e-02     7.57110e-03
        90          1       1603     1.00000e+00     1.66016e-02     3.22531e-03
        91          1       1640     1.00000e+00     1.65558e-02     3.15170e-03
        92          1       1664     1.00000e+00     1.64440e-02     3.26162e-03
        93          1       1688     1.00000e+00     1.63291e-02     4.00522e-03
        94          1       1720     1.00000e+00     1.62797e-02     4.07588e-03
        95          1       1740     5.00000e-01     1.61448e-02     1.41638e-02
        96          1       1762     1.00000e+00     1.60302e-02     9.41072e-03
        97          1       1815     1.00000e+00     1.57851e-02     4.41633e-03
        98          1       1870     1.00000e+00     1.56525e-02     4.12134e-03
        99          1       1935     1.00000e+00     1.54736e-02     4.02947e-03
       100          1       1964     1.00000e+00     1.45906e-02     2.32562e-02
       101          1       1976     1.00000e+00     1.42422e-02     6.45666e-03
       102          1       1994     1.00000e+00     1.41738e-02     5.10431e-03
       103          1       2021     1.00000e+00     1.41191e-02     6.24596e-03
       104          1       2066     1.00000e+00     1.39550e-02     6.88147e-03
       105          1       2097     1.00000e+00     1.36525e-02     6.43606e-03
       106          1       2128     1.00000e+00     1.34631e-02     5.10920e-03
       107          1       2156     1.00000e+00     1.30042e-02     3.64278e-03
       108          1       2197     1.00000e+00     1.28410e-02     5.29799e-03
       109          1       2205     1.00000e+00     1.28185e-02     5.13164e-03
       110          1       2225     1.00000e+00     1.21772e-02     2.92580e-03
       111          1       2245     1.00000e+00     1.17362e-02     3.41045e-03
       112          1       2275     1.00000e+00     1.15190e-02     4.15109e-03
       113          1       2309     1.00000e+00     1.14017e-02     4.18479e-03
       114          1       2319     1.25000e-01     1.13482e-02     9.47502e-03
       115          1       2328     1.00000e+00     1.13041e-02     4.35393e-03
       116          1       2337     1.00000e+00     1.12699e-02     2.58808e-03
       117          1       2349     1.00000e+00     1.12485e-02     3.13233e-03
       118          1       2369     1.00000e+00     1.11937e-02     3.61817e-03
       119          1       2389     1.00000e+00     1.10899e-02     6.15263e-03
       120          1       2412     1.00000e+00     1.10481e-02     3.04571e-03
       121          1       2439     1.00000e+00     1.10036e-02     2.73842e-03
       122          1       2463     1.00000e+00     1.09777e-02     2.46900e-03
       123          1       2476     1.00000e+00     1.09611e-02     1.32902e-02
       124          1       2492     1.00000e+00     1.08760e-02     5.99544e-03
       125          1       2502     1.00000e+00     1.08476e-02     2.03582e-03
       126          1       2510     1.00000e+00     1.08422e-02     1.76287e-03
       127          1       2527     1.00000e+00     1.08296e-02     1.89800e-03
       128          1       2542     1.00000e+00     1.08173e-02     1.97866e-03
       129          1       2556     1.00000e+00     1.07972e-02     1.37736e-03
       130          1       2575     1.00000e+00     1.07649e-02     1.46380e-03
       131          1       2588     1.00000e+00     1.07494e-02     3.63901e-03
       132          1       2600     1.00000e+00     1.07372e-02     2.16970e-03
       133          1       2611     1.00000e+00     1.07218e-02     1.55059e-03
       134          1       2624     1.00000e+00     1.07144e-02     1.66479e-03
       135          1       2644     1.00000e+00     1.06956e-02     1.97166e-03
       136          1       2663     1.00000e+00     1.06558e-02     1.03072e-03
       137          1       2689     1.00000e+00     1.06305e-02     1.68903e-03
       138          1       2712     1.00000e+00     1.06024e-02     1.74000e-03
       139          1       2732     1.00000e+00     1.04690e-02     7.03383e-03
       140          1       2751     1.00000e+00     1.04215e-02     3.25681e-03
       141          1       2771     1.00000e+00     1.03855e-02     2.41509e-03
       142          1       2794     1.00000e+00     1.03689e-02     2.78435e-03
       143          1       2825     1.00000e+00     1.03329e-02     2.68550e-03
       144          1       2859     1.00000e+00     1.02247e-02     1.59878e-03
       145          1       2899     1.00000e+00     1.01528e-02     1.59489e-03
       146          1       2920     1.00000e+00     9.68557e-03     1.39140e-03
       147          1       2951     5.00000e-01     9.51617e-03     1.07580e-02
       148          1       2968     1.00000e+00     9.41727e-03     5.56247e-03
       149          1       2992     1.00000e+00     9.33147e-03     3.08338e-03
       150          1       3005     1.00000e+00     9.31098e-03     2.21525e-03
       151          1       3032     1.00000e+00     9.24997e-03     1.70701e-03
       152          1       3072     1.00000e+00     9.07943e-03     1.90648e-03
       153          1       3103     1.00000e+00     8.98823e-03     1.39880e-03
       154          1       3166     1.00000e+00     8.89397e-03     1.86689e-03
       155          1       3205     1.00000e+00     8.71190e-03     4.39122e-03
       156          1       3236     1.00000e+00     8.65293e-03     2.32808e-03
       157          1       3310     1.00000e+00     8.56579e-03     2.58074e-03
       158          1       3373     1.00000e+00     8.51214e-03     2.29878e-03
       159          1       3397     5.00000e-01     8.38754e-03     1.25157e-02
       160          1       3409     1.00000e+00     8.28843e-03     6.03958e-03
       161          1       3428     1.00000e+00     8.21005e-03     2.84817e-03
       162          1       3456     1.00000e+00     8.17793e-03     3.62430e-03
       163          1       3508     1.00000e+00     8.09210e-03     4.13941e-03
       164          1       3534     1.00000e+00     7.94744e-03     1.69264e-03
       165          1       3579     1.00000e+00     7.81780e-03     1.61593e-03
       166          1       3601     5.00000e-01     7.66779e-03     1.27781e-02
       167          1       3618     1.00000e+00     7.56333e-03     5.07054e-03
       168          1       3645     1.00000e+00     7.50229e-03     3.83535e-03
       169          1       3670     1.00000e+00     7.48031e-03     3.49519e-03
       170          1       3694     1.00000e+00     7.06084e-03     2.42723e-03
       171          1       3751     1.00000e+00     6.93822e-03     1.87407e-03
       172          1       3841     1.00000e+00     6.87748e-03     2.21165e-03
       173          1       3882     1.00000e+00     6.78939e-03     1.24337e-02
       174          1       3889     1.00000e+00     6.67117e-03     5.63753e-03
       175          1       3897     1.00000e+00     6.62093e-03     2.11015e-03
       176          1       3907     1.00000e+00     6.60931e-03     2.09674e-03
       177          1       3921     1.00000e+00     6.57470e-03     2.21847e-03
       178          1       3941     1.00000e+00     6.50796e-03     1.90286e-03
       179          1       3952     5.00000e-01     6.48566e-03     9.59806e-03
       180          1       3960     1.00000e+00     6.43784e-03     3.50213e-03
       181          1       3968     1.00000e+00     6.41981e-03     1.23332e-03
       182          1       3977     1.00000e+00     6.41470e-03     1.11799e-03
       183          1       3989     1.00000e+00     6.40725e-03     1.32815e-03
       184          1       4011     1.00000e+00     6.39406e-03     1.46305e-03
       185          1       4026     1.00000e+00     6.36127e-03     9.20237e-04
       186          1       4051     1.00000e+00     6.33093e-03     1.08896e-03
       187          1       4065     1.00000e+00     6.25143e-03     2.01451e-03
       188          1       4085     1.00000e+00     6.22480e-03     9.16343e-04
       189          1       4110     1.00000e+00     6.20375e-03     1.54238e-03
       190          1       4151     1.00000e+00     6.18549e-03     1.50682e-03
       191          1       4169     1.25000e-01     6.17023e-03     2.61666e-03
       192          1       4189     1.00000e+00     6.15795e-03     1.87405e-03
       193          1       4209     1.00000e+00     6.10810e-03     8.20486e-04
       194          1       4236     1.00000e+00     6.07589e-03     7.62914e-04
       195          1       4265     1.00000e+00     6.01475e-03     3.85648e-03
       196          1       4277     1.00000e+00     5.98620e-03     1.91523e-03
       197          1       4297     1.00000e+00     5.96697e-03     1.14850e-03
       198          1       4323     1.00000e+00     5.96157e-03     1.19239e-03
       199          1       4351     1.00000e+00     5.93729e-03     1.35039e-03
       200          1       4380     1.00000e+00     5.90447e-03     8.90119e-04
       201          1       4419     1.00000e+00     5.86533e-03     8.03690e-04
       202          1       4429     1.00000e+00     5.77185e-03     7.83737e-04
       203          1       4451     1.00000e+00     5.73427e-03     6.71406e-03
       204          1       4458     1.00000e+00     5.66858e-03     3.47735e-03
       205          1       4466     1.00000e+00     5.63480e-03     1.25098e-03
       206          1       4475     1.00000e+00     5.62968e-03     1.15390e-03
       207          1       4489     1.00000e+00     5.61552e-03     1.07266e-03
       208          1       4504     1.00000e+00     5.59611e-03     1.22049e-03
       209          1       4526     1.00000e+00     5.56043e-03     1.10101e-03
       210          1       4551     1.00000e+00     5.54506e-03     7.31087e-04
       211          1       4566     1.00000e+00     5.52823e-03     5.25678e-04
       212          1       4590     1.00000e+00     5.50837e-03     6.94333e-04
       213          1       4609     1.00000e+00     5.49863e-03     5.18799e-04
       214          1       4635     1.00000e+00     5.48592e-03     6.18839e-04
       215          1       4668     1.00000e+00     5.46885e-03     1.32896e-03
       216          1       4689     1.00000e+00     5.46171e-03     7.71083e-04
       217          1       4721     1.00000e+00     5.45104e-03     9.31072e-04
       218          1       4754     1.00000e+00     5.44174e-03     1.27391e-03
       219          1       4805     1.00000e+00     5.40859e-03     8.76707e-04
       220          1       4834     1.00000e+00     5.35408e-03     5.90235e-04
       221          1       4853     1.00000e+00     5.30770e-03     6.18655e-04
       222          1       4871     1.00000e+00     5.17703e-03     5.47338e-03
       223          1       4879     1.00000e+00     5.11972e-03     1.94510e-03
       224          1       4887     1.00000e+00     5.10509e-03     1.02842e-03
       225          1       4897     1.00000e+00     5.10072e-03     9.98934e-04
       226          1       4910     1.00000e+00     5.08897e-03     1.22464e-03
       227          1       4926     1.00000e+00     5.07617e-03     1.19302e-03
       228          1       4940     1.00000e+00     5.03816e-03     2.24219e-03
       229          1       4970     1.00000e+00     5.02227e-03     1.43696e-03
       230          1       4997     1.00000e+00     4.99946e-03     7.21905e-04
       231          1       5021     1.00000e+00     4.98270e-03     8.81422e-04
       232          1       5053     1.00000e+00     4.96105e-03     1.88008e-03
       233          1       5065     1.00000e+00     4.95032e-03     7.68827e-04
       234          1       5080     1.00000e+00     4.94432e-03     7.94235e-04
       235          1       5093     1.00000e+00     4.93783e-03     1.05876e-03
       236          1       5120     1.00000e+00     4.91532e-03     1.49369e-03
       237          1       5141     1.00000e+00     4.88649e-03     8.91989e-04
       238          1       5172     1.00000e+00     4.87707e-03     8.64104e-04
       239          1       5192     1.00000e+00     4.84908e-03     3.71498e-03
       240          1       5200     1.00000e+00     4.82758e-03     1.72404e-03
       241          1       5208     1.00000e+00     4.81705e-03     8.01159e-04
       242          1       5218     1.00000e+00     4.81384e-03     8.14639e-04
       243          1       5232     1.00000e+00     4.80463e-03     9.04050e-04
       244          1       5252     1.00000e+00     4.79168e-03     6.23727e-04
       245          1       5268     1.00000e+00     4.77369e-03     6.09257e-04
       246          1       5281     1.00000e+00     4.77318e-03     2.95970e-03
       247          1       5304     1.00000e+00     4.75963e-03     1.17691e-03
       248          1       5317     1.00000e+00     4.75593e-03     5.33736e-04
       249          1       5331     1.00000e+00     4.75457e-03     4.32401e-04
       250          1       5344     1.00000e+00     4.75246e-03     4.59654e-04
       251          1       5359     1.00000e+00     4.74875e-03     4.61176e-04
       252          1       5372     1.00000e+00     4.74197e-03     6.08265e-04
       253          1       5383     1.00000e+00     4.73980e-03     4.41450e-04
       254          1       5397     1.00000e+00     4.73605e-03     3.20824e-04
       255          1       5416     1.00000e+00     4.73129e-03     4.67323e-04
       256          1       5441     1.00000e+00     4.72591e-03     4.53150e-04
       257          1       5458     1.00000e+00     4.70747e-03     6.88107e-04
       258          1       5487     1.00000e+00     4.69277e-03     8.79903e-04
       259          1       5504     1.00000e+00     4.67076e-03     8.61814e-04
       260          1       5541     1.00000e+00     4.65901e-03     8.86517e-04
       261          1       5560     1.00000e+00     4.60335e-03     8.41466e-04
       262          1       5599     1.00000e+00     4.58157e-03     8.25589e-04
       263          1       5634     1.00000e+00     4.55543e-03     8.72640e-04
       264          1       5672     1.00000e+00     4.50618e-03     7.77935e-04
       265          1       5693     1.00000e+00     4.41434e-03     6.52502e-04
rNorm less than sigma_ref
rNorm less than sigma_ref

 EXIT -- residual less than sigma ref

 Products with A     :     287        Total time   (secs) :    12.1
 Products with A'    :     287        Project time (secs) :    17.7
 Newton iterations   :       0        Mat-vec time (secs) :     0.3

