
 ==================================================================================
 SPGL1_SLIM v. 46  (Tue, 14 Jun 2011) based on v.1017
 ==================================================================================
 No. rows              :      200      No. columns           :      512
 Initial tau           : 2.00e+01      Two-norm of b         : 2.23e-01
 Optimality tol        : 1.00e-04      Target one-norm of x  : 2.00e+01
 Basis pursuit tol     : 1.00e-06      Maximum iterations    :      600

  Iter      Objective   Relative Gap      gNorm   stepG    nnzX    nnzG
     0  2.2301679e-01  3.8098801e-01   1.90e-02     0.0       0       0
     1  1.9904549e-01  3.7018142e-01   1.64e-02    -0.3     151       0
     2  1.5861357e-01  1.6266257e-01   8.54e-03     0.0     490       0
     3  1.3501614e-01  4.0867656e-02   2.11e-03     0.0     464       0
     4  1.3150244e-01  3.7242591e-02   1.96e-03     0.0     470       0
     5  8.5487178e-02  1.6276073e-02   8.92e-04     0.0     505       0
     6  1.0269063e-01  1.7151651e-01   9.07e-03     0.0     501       0
     7  6.7114783e-02  3.2541714e-02   1.68e-03    -0.3     505       0
     8  6.5399821e-02  1.1549227e-02   7.47e-04     0.0     506       0
     9  6.4768878e-02  1.1559549e-02   7.33e-04     0.0     506       0
    10  5.8928191e-02  1.6212786e-02   1.02e-03     0.0     486       0
    11  6.2396110e-02  6.0111312e-02   2.93e-03    -0.3     489       0
    12  5.7839372e-02  1.2606582e-02   8.34e-04     0.0     487       0
    13  5.7114715e-02  8.7604168e-03   5.83e-04     0.0     480       0
    14  5.6854017e-02  8.6368667e-03   5.80e-04     0.0     475       0
    15  4.7435951e-02  6.7683716e-03   4.72e-04     0.0     380       0
    16  5.2615206e-02  5.8577792e-02   3.25e-03    -0.3     384       0
    17  4.4735272e-02  9.1516988e-03   5.53e-04    -0.3     428       0
    18  4.4308398e-02  5.2598434e-03   3.94e-04     0.0     423       0
    19  4.4128190e-02  5.2519837e-03   3.92e-04     0.0     412       0
    20  3.9058899e-02  4.1123651e-02   2.00e-03     0.0     266       0
    21  3.9273734e-02  3.1720086e-02   1.82e-03    -0.3     324       0
    22  3.6676921e-02  2.0645543e-02   1.06e-03     0.0     359       0
    23  3.5409512e-02  3.8245397e-03   3.00e-04     0.0     323       0
    24  3.5293932e-02  3.7707227e-03   2.96e-04     0.0     320       0
    25  3.3621634e-02  2.4835063e-03   2.15e-04     0.0     280       0
    26  3.5218390e-02  3.5052765e-02   1.73e-03     0.0     268       0
    27  3.4350356e-02  2.0434113e-02   1.21e-03    -0.3     342       0
    28  3.2302200e-02  4.3317978e-03   3.04e-04     0.0     291       0
    29  3.2116792e-02  3.2352013e-03   2.63e-04     0.0     301       0
    30  3.1960839e-02  3.1535121e-03   2.56e-04     0.0     297       0
    31  3.1497620e-02  1.0895256e-02   6.77e-04     0.0     262       0
    32  3.1119831e-02  6.1586282e-03   3.70e-04    -0.3     275       0
    33  3.0894432e-02  3.0517349e-03   2.50e-04     0.0     266       0
    34  3.0815689e-02  2.1433172e-03   1.93e-04     0.0     266       0
    35  3.0752121e-02  2.1037012e-03   1.93e-04     0.0     265       0
    36  3.0252798e-02  6.2657774e-03   3.76e-04     0.0     251       0
    37  3.0249798e-02  4.6155401e-03   3.41e-04    -0.3     255       0
    38  3.0069174e-02  2.6951919e-03   2.14e-04     0.0     253       0
    39  3.0028837e-02  2.3058883e-03   2.01e-04     0.0     253       0
    40  2.9974812e-02  2.2753977e-03   2.00e-04     0.0     252       0
    41  2.6624645e-02  2.4680814e-03   2.03e-04     0.0     214       0
    42  2.9120086e-02  3.1070525e-02   1.52e-03    -0.3     238       0
    43  2.6434657e-02  1.6237655e-03   1.63e-04    -0.3     259       0
    44  2.6334185e-02  1.6673022e-03   1.61e-04     0.0     261       0
    45  2.6015724e-02  2.2652801e-03   1.82e-04     0.0     236       0
    46  2.6219112e-02  7.2712731e-03   4.73e-04    -0.3     240       0
    47  2.5977753e-02  5.3226132e-03   3.20e-04    -0.3     234       0
    48  2.5829487e-02  1.4086689e-03   1.48e-04     0.0     232       0
    49  2.5804285e-02  1.4761312e-03   1.48e-04     0.0     230       0
    50  2.5727268e-02  1.4516149e-03   1.46e-04     0.0     229       0
    51  2.2390520e-02  5.8770300e-03   3.30e-04     0.0     184       0
    52  2.4893600e-02  2.1767538e-02   1.23e-03    -0.3     216       0
    53  2.3729625e-02  1.8905698e-02   9.41e-04     0.0     232       0
    54  2.2403882e-02  1.6534002e-03   1.52e-04     0.0     215       0
    55  2.2318505e-02  9.1475697e-04   1.07e-04     0.0     218       0
    56  2.2263039e-02  8.7187946e-04   1.06e-04     0.0     216       0
    57  2.1940654e-02  4.6839106e-03   2.75e-04     0.0     193       0
    58  2.2204046e-02  6.7074755e-03   4.27e-04    -0.3     202       0
    59  2.1872358e-02  2.7299830e-03   1.86e-04     0.0     195       0
    60  2.1814014e-02  8.1076804e-04   1.01e-04     0.0     195       0
    61  2.1797195e-02  8.8057525e-04   1.03e-04     0.0     195       0
    62  2.1621106e-02  2.0306717e-03   1.70e-04     0.0     191       0
    63  2.1612956e-02  2.7631681e-03   1.86e-04    -0.3     193       0
    64  2.1586487e-02  1.8923844e-03   1.63e-04     0.0     192       0
    65  2.1542800e-02  1.0678823e-03   1.11e-04     0.0     192       0
    66  2.1530841e-02  7.9636566e-04   9.89e-05     0.0     192       0
    67  2.1486016e-02  7.7958500e-04   9.83e-05     0.0     191       0
    68  1.8741584e-02  1.8930303e-02   9.30e-04     0.0     139       0
    69  1.7735047e-02  6.4930785e-03   4.10e-04    -0.3     171       0
    70  1.8055732e-02  1.2795946e-02   6.48e-04     0.0     154       0
    71  1.7221375e-02  9.0501793e-04   1.05e-04     0.0     161       0
    72  1.7172435e-02  1.3979560e-03   1.22e-04     0.0     157       0
    73  1.7132229e-02  1.5147517e-03   1.27e-04     0.0     158       0
    74  1.6863140e-02  2.4291408e-03   1.85e-04    -0.3     168       0
    75  1.6965146e-02  5.5071610e-03   3.05e-04    -0.3     169       0
    76  1.6844397e-02  1.9457319e-03   1.59e-04     0.0     170       0
    77  1.6757334e-02  1.1947476e-03   1.08e-04     0.0     169       0
    78  1.6742363e-02  9.4086940e-04   9.68e-05     0.0     169       0
    79  1.6675139e-02  1.3235354e-03   1.13e-04     0.0     170       0
    80  1.6641715e-02  1.1813859e-03   1.16e-04    -0.3     168       0
    81  1.6712261e-02  4.5129409e-03   2.58e-04    -0.3     168       0
    82  1.6610668e-02  8.7140028e-04   9.80e-05     0.0     167       0
    83  1.6576484e-02  1.1513786e-03   1.05e-04     0.0     168       0
    84  1.6564791e-02  9.5973729e-04   9.62e-05     0.0     168       0
    85  1.6484106e-02  8.9609272e-04   9.28e-05     0.0     167       0
    86  1.6213726e-02  6.0289008e-03   3.72e-04    -0.3     155       0
    87  1.6249701e-02  7.4400593e-03   3.92e-04    -0.3     173       0
    88  1.6227553e-02  5.3676288e-03   3.40e-04     0.0     155       0
    89  1.5888577e-02  7.5749877e-04   8.20e-05     0.0     160       0
    90  1.5872977e-02  5.0655875e-04   7.08e-05     0.0     160       0
    91  1.5823387e-02  5.6802085e-04   7.41e-05     0.0     159       0
    92  1.5771734e-02  2.5687873e-03   1.63e-04    -0.3     158       0
    93  1.5754836e-02  1.0875238e-03   1.06e-04    -0.3     156       0
    94  1.5721328e-02  1.0565208e-03   9.48e-05     0.0     161       0
    95  1.5711247e-02  5.6265637e-04   7.27e-05     0.0     160       0
    96  1.5701610e-02  5.5368020e-04   7.22e-05     0.0     159       0
    97  1.4446089e-02  1.1209639e-03   1.03e-04     0.0     141       0
    98  1.5588552e-02  1.4742489e-02   7.28e-04    -0.3     157       0
    99  1.4456836e-02  6.6146791e-04   7.74e-05    -0.3     156       0
   100  1.4417005e-02  8.5131389e-04   8.53e-05     0.0     156       0
   101  1.4262291e-02  7.0668381e-04   8.14e-05     0.0     159       0
   102  1.4362975e-02  4.4207672e-03   2.46e-04    -0.3     152       0
   103  1.4253474e-02  5.7810918e-04   7.41e-05    -0.3     158       0
   104  1.4229463e-02  8.8980886e-04   8.41e-05     0.0     157       0
   105  1.4219292e-02  6.8656647e-04   7.49e-05     0.0     158       0
   106  1.4181232e-02  4.2290943e-04   6.41e-05     0.0     155       0
   107  1.4167286e-02  1.4159038e-03   1.07e-04    -0.3     153       0
   108  1.4165654e-02  8.9233953e-04   9.13e-05    -0.3     155       0
   109  1.4143191e-02  9.3700079e-04   8.53e-05     0.0     151       0
   110  1.4134273e-02  4.8099793e-04   6.49e-05     0.0     151       0
   111  1.4127455e-02  5.3028724e-04   6.70e-05     0.0     151       0
   112  1.4119715e-02  5.0997246e-03   3.17e-04     0.0     139       0
   113  1.3879220e-02  6.8842816e-04   7.20e-05    -0.3     143       0
   114  1.3855281e-02  6.4976632e-04   7.50e-05     0.0     143       0
   115  1.3840397e-02  3.8085934e-04   5.90e-05     0.0     145       0
   116  1.3818971e-02  5.2213642e-04   6.72e-05     0.0     144       0
   117  1.3806803e-02  9.1504200e-04   8.15e-05    -0.3     143       0
   118  1.3837840e-02  1.8239396e-03   1.40e-04     0.0     140       0
   119  1.3791950e-02  8.2292396e-04   7.74e-05     0.0     140       0
   120  1.3778259e-02  4.1324809e-04   6.07e-05     0.0     141       0
   121  1.3772201e-02  3.2667764e-04   5.54e-05     0.0     141       0
   122  1.3748647e-02  3.2147136e-04   5.50e-05     0.0     139       0
   123  1.3487613e-02  6.4518586e-03   3.37e-04    -0.3     139       0
   124  1.3262007e-02  8.3790641e-04   8.66e-05    -0.3     142       0
   125  1.3222721e-02  1.2274793e-03   9.61e-05     0.0     139       0
   126  1.3206393e-02  5.2417439e-04   6.47e-05     0.0     141       0
   127  1.3195717e-02  6.7444099e-04   7.12e-05     0.0     140       0
   128  1.3183770e-02  1.5980448e-03   1.28e-04     0.0     145       0
   129  1.3140069e-02  5.0602036e-04   6.28e-05    -0.3     141       0
   130  1.3129055e-02  4.0262220e-04   5.93e-05     0.0     142       0
   131  1.3116332e-02  6.3195748e-04   6.80e-05     0.0     142       0
   132  1.3109315e-02  8.2416796e-04   8.39e-05     0.0     143       0
   133  1.3095931e-02  8.1471316e-04   7.59e-05    -0.3     142       0
   134  1.3086736e-02  3.6530568e-04   5.67e-05     0.0     142       0
   135  1.3081887e-02  3.7584990e-04   5.63e-05     0.0     142       0
   136  1.3062148e-02  3.9196893e-04   5.81e-05     0.0     143       0
   137  1.3081975e-02  3.9507160e-03   2.19e-04    -0.3     138       0
   138  1.3002540e-02  7.1837930e-04   7.72e-05    -0.3     138       0
   139  1.2974100e-02  8.9365192e-04   7.84e-05     0.0     138       0
   140  1.2965209e-02  4.9290706e-04   6.06e-05     0.0     138       0
   141  1.2956523e-02  5.0476352e-04   6.10e-05     0.0     138       0
   142  1.2955501e-02  1.5123114e-03   1.21e-04    -0.3     140       0
   143  1.2917395e-02  4.3972297e-04   5.81e-05    -0.3     139       0
   144  1.2905018e-02  3.4905523e-04   5.49e-05     0.0     139       0
   145  1.2890661e-02  6.3914005e-04   6.67e-05     0.0     139       0
   146  1.2909871e-02  1.4585514e-03   1.18e-04     0.0     142       0
   147  1.2876019e-02  7.1726832e-04   7.02e-05    -0.3     139       0
   148  1.2863886e-02  4.1717218e-04   5.87e-05     0.0     139       0
   149  1.2858885e-02  3.0957417e-04   5.23e-05     0.0     139       0
   150  1.2844461e-02  3.0431319e-04   5.19e-05     0.0     139       0
   151  1.2191212e-02  1.0101718e-02   5.03e-04    -0.3     122       0
   152  1.2652216e-02  9.5208319e-03   5.53e-04    -0.3     157       0
   153  1.1714419e-02  2.0736491e-03   1.32e-04    -0.3     133       0
   154  1.1630952e-02  3.6050882e-04   5.52e-05     0.0     139       0
   155  1.1600747e-02  3.5276240e-04   5.42e-05     0.0     136       0
   156  1.1586358e-02  4.8305636e-03   2.56e-04     0.0     127       0
   157  1.1610759e-02  3.2767046e-03   2.12e-04    -0.3     130       0
   158  1.1462164e-02  1.9842118e-03   1.24e-04     0.0     128       0
   159  1.1409444e-02  3.5238875e-04   5.00e-05     0.0     130       0
   160  1.1400726e-02  3.6759405e-04   4.99e-05     0.0     130       0
   161  1.1366431e-02  3.6689066e-04   5.19e-05     0.0     132       0
   162  1.1359085e-02  7.7219962e-04   6.75e-05    -0.3     131       0
   163  1.1377594e-02  1.0388035e-03   9.11e-05     0.0     133       0
   164  1.1358624e-02  9.8001318e-04   7.69e-05     0.0     130       0
   165  1.1340244e-02  3.0065255e-04   4.81e-05     0.0     132       0
   166  1.1335961e-02  3.1593355e-04   4.78e-05     0.0     132       0
   167  1.1329130e-02  3.1113525e-04   4.76e-05     0.0     132       0
   168  1.1265307e-02  1.8368674e-03   1.34e-04    -0.3     131       0
   169  1.1225485e-02  7.8587156e-04   6.85e-05    -0.3     130       0
   170  1.1206975e-02  5.7389005e-04   6.42e-05     0.0     130       0
   171  1.1196105e-02  2.3872019e-04   4.41e-05     0.0     130       0
   172  1.1192122e-02  2.5575957e-04   4.53e-05     0.0     130       0
   173  1.1161762e-02  4.1960363e-04   5.15e-05     0.0     129       0
   174  1.1159089e-02  7.2196847e-04   7.24e-05    -0.3     130       0
   175  1.1186825e-02  1.9153309e-03   1.20e-04     0.0     130       0
   176  1.1174603e-02  8.7887442e-04   8.19e-05     0.0     129       0
   177  1.1142721e-02  4.0717444e-04   5.10e-05     0.0     129       0
   178  1.1137626e-02  2.5595851e-04   4.45e-05     0.0     129       0
   179  1.1130644e-02  2.5650857e-04   4.45e-05     0.0     129       0
   180  1.1094584e-02  4.3557132e-03   2.67e-04    -0.3     126       0
   181  1.1126983e-02  4.6775140e-03   2.49e-04    -0.3     135       0
   182  1.0919151e-02  4.9164189e-04   5.93e-05    -0.3     128       0
   183  1.0898925e-02  2.6968649e-04   4.52e-05     0.0     129       0
   184  1.0877748e-02  2.8994593e-04   4.69e-05     0.0     130       0
   185  1.0814162e-02  2.4621300e-04   4.31e-05     0.0     128       0
   186  1.0773075e-02  4.9730013e-03   3.00e-04     0.0     125       0
   187  1.0523299e-02  9.7016938e-04   7.53e-05    -0.3     128       0
   188  1.0504478e-02  9.8871551e-04   8.67e-05     0.0     127       0
   189  1.0473982e-02  2.7985414e-04   4.53e-05     0.0     128       0
   190  1.0467481e-02  3.6764775e-04   5.04e-05     0.0     128       0
   191  1.0443606e-02  3.5607809e-04   4.94e-05     0.0     130       0
   192  1.0452855e-02  1.9136804e-03   1.18e-04    -0.3     128       0
   193  1.0418721e-02  3.0504550e-04   4.64e-05    -0.3     128       0
   194  1.0406743e-02  2.7234786e-04   4.31e-05     0.0     129       0
   195  1.0396491e-02  3.2449025e-04   4.72e-05     0.0     128       0
   196  1.0386663e-02  6.0448232e-04   5.75e-05     0.0     128       0
   197  1.0386832e-02  6.2289447e-04   6.46e-05    -0.3     128       0
   198  1.0375177e-02  2.9430816e-04   4.37e-05     0.0     128       0
   199  1.0371504e-02  2.3544310e-04   4.17e-05     0.0     128       0
   200  1.0366661e-02  2.3943425e-04   4.19e-05     0.0     128       0
   201  9.8297023e-03  6.1233979e-03   3.11e-04    -0.3     126       0
   202  9.6146377e-03  1.9253444e-03   1.35e-04    -0.3     136       0
   203  9.6252968e-03  3.1844087e-03   1.75e-04     0.0     128       0
   204  9.5050648e-03  2.6016944e-04   4.24e-05     0.0     130       0
   205  9.4965612e-03  3.0809077e-04   4.32e-05     0.0     130       0
   206  9.4839561e-03  3.1532878e-04   4.30e-05     0.0     130       0
   207  9.4697844e-03  5.3890311e-04   5.85e-05    -0.3     131       0
   208  9.4570138e-03  3.2279482e-04   4.28e-05    -0.3     130       0
   209  9.4506005e-03  2.5323814e-04   4.05e-05     0.0     131       0
   210  9.4384426e-03  2.7870500e-04   4.07e-05     0.0     129       0
   211  9.4531565e-03  1.3828433e-03   1.05e-04    -0.3     130       0
   212  9.4130960e-03  2.1347979e-04   3.84e-05    -0.3     127       0
   213  9.4053677e-03  2.5044681e-04   4.10e-05     0.0     127       0
   214  9.3945835e-03  3.9708045e-04   4.56e-05     0.0     125       0
   215  9.4108191e-03  9.2919389e-04   8.00e-05     0.0     128       0
   216  9.4066798e-03  1.0873011e-03   7.69e-05     0.0     125       0
   217  9.3841209e-03  3.7370958e-04   4.81e-05     0.0     125       0
   218  9.3766810e-03  2.0113441e-04   3.74e-05     0.0     125       0
   219  9.3735301e-03  1.9956658e-04   3.73e-05     0.0     125       0
   220  9.3004617e-03  2.0479103e-03   1.39e-04    -0.3     124       0
   221  9.3289896e-03  2.6626479e-03   1.50e-04    -0.3     126       0
   222  9.3261923e-03  2.0277799e-03   1.39e-04     0.0     125       0
   223  9.2314310e-03  2.3839905e-04   3.83e-05     0.0     125       0
   224  9.2250525e-03  2.0625621e-04   3.75e-05     0.0     125       0
   225  9.2106500e-03  2.2434806e-04   3.85e-05     0.0     125       0
   226  9.2159202e-03  2.4827913e-03   1.41e-04    -0.3     123       0
   227  9.2197301e-03  1.3953437e-03   1.04e-04    -0.3     122       0
   228  9.1660304e-03  8.6561564e-04   6.57e-05     0.0     123       0
   229  9.1485471e-03  1.9556493e-04   3.60e-05     0.0     123       0
   230  9.1441677e-03  2.2633633e-04   3.71e-05     0.0     123       0
   231  9.1292159e-03  7.0057545e-04   6.60e-05     0.0     123       0
   232  9.1144414e-03  2.0284956e-04   3.60e-05    -0.3     123       0
   233  9.1095167e-03  2.7517312e-04   4.10e-05     0.0     123       0
   234  9.1049807e-03  1.9342880e-04   3.57e-05     0.0     123       0
   235  9.0965380e-03  2.9102145e-04   4.18e-05     0.0     123       0
   236  9.0960687e-03  8.5397892e-04   6.47e-05    -0.3     123       0
   237  9.0841079e-03  1.8775550e-04   3.56e-05    -0.3     123       0
   238  9.0805278e-03  2.3969440e-04   3.74e-05     0.0     123       0
   239  9.0735869e-03  2.8525521e-04   4.14e-05     0.0     123       0
   240  9.0694984e-03  6.4638939e-04   5.54e-05     0.0     123       0
   241  9.0689635e-03  5.0366469e-04   5.43e-05    -0.3     123       0
   242  9.0590935e-03  3.1222228e-04   4.06e-05     0.0     123       0
   243  9.0556094e-03  1.8804043e-04   3.54e-05     0.0     123       0
   244  9.0528077e-03  1.8422203e-04   3.54e-05     0.0     123       0
   245  8.9287152e-03  4.9033318e-04   5.31e-05     0.0     121       0
   246  9.0330459e-03  3.2012242e-03   1.74e-04    -0.3     121       0
   247  8.9863429e-03  1.2531228e-03   9.65e-05    -0.3     121       0
   248  8.9284591e-03  5.6784262e-04   5.21e-05     0.0     121       0
   249  8.9187626e-03  1.8576958e-04   3.50e-05     0.0     121       0
   250  8.9133852e-03  2.0034309e-04   3.56e-05     0.0     121       0
   251  8.9041483e-03  5.3206377e-04   5.59e-05    -0.3     121       0
   252  8.8948498e-03  2.3517724e-04   3.70e-05    -0.3     121       0
   253  8.8890530e-03  1.7774755e-04   3.49e-05     0.0     121       0
   254  8.8788697e-03  2.6333000e-04   3.80e-05     0.0     121       0
   255  8.8898947e-03  9.2850659e-04   7.79e-05    -0.3     121       0
   256  8.8817317e-03  7.8112693e-04   6.11e-05    -0.3     120       0
   257  8.8676071e-03  4.2591305e-04   4.94e-05     0.0     121       0
   258  8.8595605e-03  1.7236872e-04   3.44e-05     0.0     121       0
   259  8.8570874e-03  1.9479736e-04   3.57e-05     0.0     121       0
   260  8.8236747e-03  3.8392152e-04   4.31e-05     0.0     120       0
   261  8.8236254e-03  5.0438794e-04   5.37e-05    -0.3     120       0
   262  8.8177371e-03  4.5131453e-04   4.61e-05     0.0     120       0
   263  8.8119329e-03  2.4153962e-04   3.82e-05     0.0     120       0
   264  8.8092653e-03  1.7563417e-04   3.41e-05     0.0     120       0
   265  8.8054484e-03  1.9189711e-04   3.53e-05     0.0     120       0
   266  8.7444005e-03  4.6131036e-04   4.62e-05     0.0     120       0
   267  8.7558934e-03  7.1543152e-04   6.60e-05    -0.3     120       0
   268  8.7464864e-03  6.6990093e-04   5.56e-05     0.0     120       0
   269  8.7346509e-03  2.8926771e-04   4.09e-05     0.0     120       0
   270  8.7306135e-03  1.7142010e-04   3.37e-05     0.0     120       0
   271  8.7278852e-03  1.6866764e-04   3.37e-05     0.0     120       0
   272  8.6323206e-03  5.9898994e-04   5.87e-05     0.0     120       0
   273  8.6587439e-03  1.5760405e-03   9.75e-05    -0.3     120       0
   274  8.6766189e-03  1.3404295e-03   9.99e-05     0.0     120       0
   275  8.6241628e-03  3.6099215e-04   4.17e-05     0.0     120       0
   276  8.6174082e-03  1.6618749e-04   3.35e-05     0.0     120       0
   277  8.6127427e-03  1.9504288e-04   3.52e-05     0.0     120       0
   278  8.5804888e-03  4.9381058e-04   4.72e-05     0.0     120       0
   279  8.5805639e-03  4.7116325e-04   5.12e-05    -0.3     120       0
   280  8.5726362e-03  3.1215970e-04   3.92e-05     0.0     120       0
   281  8.5688223e-03  1.6872942e-04   3.33e-05     0.0     120       0
   282  8.5666025e-03  1.6303603e-04   3.29e-05     0.0     120       0
   283  8.4919032e-03  4.0223221e-03   2.42e-04     0.0     118       0
   284  8.4118121e-03  3.0360260e-03   1.66e-04    -0.3     124       0
   285  8.5224363e-03  3.7181800e-03   2.28e-04     0.0     120       0
   286  8.2714050e-03  2.2756726e-04   3.57e-05     0.0     120       0
   287  8.2628234e-03  1.9116095e-04   3.51e-05     0.0     120       0
   288  8.2479530e-03  2.6296020e-04   3.91e-05     0.0     120       0
   289  8.2312517e-03  1.4018850e-03   8.84e-05     0.0     121       0
   290  8.2121512e-03  3.5045063e-04   4.38e-05    -0.3     120       0
   291  8.2007786e-03  3.0931776e-04   3.84e-05     0.0     120       0
   292  8.1971704e-03  1.5950388e-04   3.19e-05     0.0     120       0
   293  8.1929080e-03  1.5314477e-04   3.16e-05     0.0     119       0
   294  8.1689274e-03  7.9726195e-04   6.88e-05    -0.3     118       0
   295  8.1808690e-03  1.2576337e-03   8.16e-05    -0.3     121       0
   296  8.1750398e-03  7.7216322e-04   6.78e-05     0.0     119       0
   297  8.1474024e-03  1.7360175e-04   3.22e-05     0.0     119       0
   298  8.1437046e-03  1.6198198e-04   3.23e-05     0.0     119       0
   299  8.1373437e-03  1.5438895e-04   3.17e-05     0.0     119       0
   300  7.8787868e-03  3.4122771e-04   4.14e-05     0.0     114       0
   301  8.1396178e-03  5.1256244e-03   2.61e-04    -0.3     117       0
   302  7.8853699e-03  2.6640366e-04   3.88e-05    -0.3     116       0
   303  7.8672084e-03  4.7170753e-04   4.54e-05     0.0     116       0
   304  7.8586183e-03  2.6136324e-04   3.59e-05     0.0     116       0
   305  7.8413654e-03  3.3696993e-04   3.90e-05     0.0     117       0
   306  7.8620841e-03  1.0640348e-03   8.26e-05    -0.3     119       0
   307  7.8539578e-03  1.3102209e-03   8.32e-05    -0.3     117       0
   308  7.8227443e-03  1.9731789e-04   3.39e-05     0.0     117       0
   309  7.8180790e-03  1.5568338e-04   3.06e-05     0.0     117       0
   310  7.8133107e-03  1.6464785e-04   3.10e-05     0.0     117       0
   311  7.8096227e-03  7.0155223e-04   6.27e-05    -0.3     118       0
   312  7.7928571e-03  1.7741377e-04   3.14e-05    -0.3     117       0
   313  7.7871244e-03  1.8450896e-04   3.28e-05     0.0     117       0
   314  7.7821020e-03  1.6867200e-04   3.08e-05     0.0     117       0
   315  7.7773002e-03  3.6454755e-04   4.32e-05     0.0     118       0
   316  7.7748716e-03  4.3769839e-04   4.27e-05    -0.3     117       0
   317  7.7694878e-03  2.2090705e-04   3.47e-05     0.0     118       0
   318  7.7666960e-03  1.5072897e-04   3.02e-05     0.0     118       0
   319  7.7642865e-03  1.4541372e-04   3.02e-05     0.0     118       0
   320  7.6977115e-03  2.8707872e-04   3.81e-05     0.0     115       0
   321  7.7145153e-03  1.4025875e-03   8.69e-05    -0.3     117       0
   322  7.6893331e-03  1.5264643e-04   3.01e-05    -0.3     116       0
   323  7.6847301e-03  2.4577077e-04   3.39e-05     0.0     116       0
   324  7.6785875e-03  1.9805249e-04   3.30e-05     0.0     116       0
   325  7.6744647e-03  4.2616830e-04   4.18e-05     0.0     116       0
   326  7.6798320e-03  5.2346881e-04   5.22e-05     0.0     116       0
   327  7.6692452e-03  3.1395077e-04   3.68e-05     0.0     115       0
   328  7.6644347e-03  1.6877214e-04   3.12e-05     0.0     116       0
   329  7.6625795e-03  1.4683785e-04   2.98e-05     0.0     116       0
   330  7.6491457e-03  2.2684782e-04   3.45e-05     0.0     115       0
   331  7.6451653e-03  6.0613420e-04   4.97e-05    -0.3     115       0
   332  7.6372707e-03  1.6202498e-04   3.08e-05    -0.3     115       0
   333  7.6343712e-03  1.6979121e-04   3.03e-05     0.0     115       0
   334  7.6307306e-03  1.6709149e-04   3.10e-05     0.0     115       0
   335  7.6222445e-03  1.7820785e-04   3.06e-05     0.0     115       0
   336  7.6179229e-03  3.3761858e-04   4.10e-05    -0.3     115       0
   337  7.6216837e-03  6.6045069e-04   5.20e-05     0.0     114       0
   338  7.6117237e-03  1.7823459e-04   3.16e-05    -0.3     115       0
   339  7.6087044e-03  1.6224311e-04   2.99e-05     0.0     115       0
   340  7.6057684e-03  1.4970830e-04   2.97e-05     0.0     115       0
   341  7.5873043e-03  3.1982423e-04   3.98e-05     0.0     115       0
   342  7.5881077e-03  5.7842712e-04   4.83e-05    -0.3     114       0
   343  7.5978393e-03  6.0343060e-04   5.67e-05     0.0     115       0
   344  7.5807166e-03  3.1572060e-04   3.66e-05     0.0     115       0
   345  7.5755362e-03  1.5299788e-04   3.00e-05     0.0     115       0
   346  7.5734116e-03  1.4469783e-04   2.95e-05     0.0     115       0
   347  7.4653751e-03  4.4802054e-04   4.69e-05     0.0     112       0
   348  7.5713466e-03  2.9112635e-03   1.57e-04    -0.3     112       0
   349  7.5043486e-03  8.3055740e-04   6.92e-05    -0.3     112       0
   350  7.4649137e-03  3.6392446e-04   3.88e-05     0.0     112       0
   351  7.4586057e-03  1.5264364e-04   2.95e-05     0.0     112       0
   352  7.4526841e-03  1.5486168e-04   2.94e-05     0.0     112       0
   353  7.4447421e-03  4.3412101e-04   4.65e-05    -0.3     112       0
   354  7.4373483e-03  1.7160898e-04   3.00e-05    -0.3     112       0
   355  7.4325345e-03  1.4347242e-04   2.93e-05     0.0     112       0
   356  7.4248220e-03  2.2319042e-04   3.21e-05     0.0     112       0
   357  7.4289110e-03  5.4545794e-04   5.28e-05    -0.3     112       0
   358  7.4183315e-03  2.5384286e-04   3.35e-05    -0.3     112       0
   359  7.4133974e-03  2.0912268e-04   3.30e-05     0.0     112       0
   360  7.4112400e-03  1.5359131e-04   2.97e-05     0.0     112       0
   361  7.4054655e-03  1.4202446e-04   2.89e-05     0.0     112       0
   362  7.0572298e-03  2.4023957e-03   1.51e-04     0.0     109       0
   363  7.2981584e-03  4.8371373e-03   2.47e-04    -0.3     119       0
   364  7.1245270e-03  2.1635110e-03   1.41e-04    -0.3     111       0
   365  6.9913678e-03  2.8467954e-04   3.46e-05     0.0     111       0
   366  6.9813167e-03  1.4103635e-04   2.85e-05     0.0     111       0
   367  6.9634189e-03  1.3002487e-04   2.80e-05     0.0     111       0
   368  6.8916324e-03  1.6870158e-04   2.91e-05     0.0     110       0
   369  6.9426810e-03  2.5428178e-03   1.38e-04    -0.3     110       0
   370  6.8669575e-03  1.3069389e-04   2.74e-05    -0.3     110       0
   371  6.8593212e-03  2.8650042e-04   3.36e-05     0.0     110       0
   372  6.8527657e-03  1.4866712e-04   2.74e-05     0.0     110       0
   373  6.8391688e-03  1.4378272e-04   2.73e-05     0.0     109       0
   374  6.8303584e-03  4.5529695e-04   4.61e-05    -0.3     108       0
   375  6.8214903e-03  1.5023451e-04   2.72e-05    -0.3     109       0
   376  6.8174182e-03  1.5344108e-04   2.83e-05     0.0     109       0
   377  6.8136992e-03  1.5213547e-04   2.72e-05     0.0     109       0
   378  6.8100700e-03  2.8429389e-04   3.59e-05     0.0     108       0
   379  6.8146205e-03  6.3976050e-04   4.89e-05     0.0     109       0
   380  6.8130849e-03  3.9550145e-04   4.25e-05     0.0     108       0
   381  6.8027916e-03  1.9817027e-04   2.92e-05     0.0     109       0
   382  6.8000863e-03  1.3828373e-04   2.69e-05     0.0     109       0
   383  6.7980603e-03  1.3863838e-04   2.69e-05     0.0     109       0
   384  6.7557995e-03  1.5034669e-03   1.02e-04    -0.3     108       0
   385  6.7810744e-03  1.9244065e-03   1.09e-04    -0.3     110       0
   386  6.7875232e-03  1.6309791e-03   1.10e-04     0.0     110       0
   387  6.7088790e-03  1.5042214e-04   2.72e-05     0.0     109       0
   388  6.7040442e-03  1.3007908e-04   2.68e-05     0.0     109       0
   389  6.6954771e-03  1.6125051e-04   2.86e-05     0.0     109       0
   390  6.6837637e-03  7.9365138e-04   5.58e-05    -0.3     109       0
   391  6.6746205e-03  2.4120768e-04   3.31e-05    -0.3     109       0
   392  6.6688666e-03  2.0339395e-04   2.90e-05     0.0     109       0
   393  6.6668226e-03  1.4306437e-04   2.66e-05     0.0     109       0
   394  6.6634976e-03  1.3618005e-04   2.65e-05     0.0     109       0
   395  6.6296529e-03  4.2339611e-04   4.35e-05     0.0     109       0
   396  6.6290212e-03  4.7506873e-04   4.10e-05    -0.3     109       0
   397  6.6248768e-03  3.4439422e-04   3.90e-05     0.0     109       0
   398  6.6178016e-03  1.3906927e-04   2.64e-05     0.0     109       0
   399  6.6161513e-03  1.3381860e-04   2.65e-05     0.0     109       0
   400  6.6116861e-03  1.4008452e-04   2.64e-05     0.0     109       0
   401  6.6146706e-03  1.3633428e-03   9.44e-05     0.0     109       0
   402  6.5995548e-03  9.7059001e-04   6.41e-05    -0.3     110       0
   403  6.5894684e-03  6.4257091e-04   5.60e-05     0.0     110       0
   404  6.5670801e-03  1.3466478e-04   2.63e-05     0.0     110       0
   405  6.5637832e-03  1.5301091e-04   2.76e-05     0.0     110       0
   406  6.5559484e-03  1.4233351e-04   2.69e-05     0.0     110       0
   407  6.5397844e-03  9.4785120e-04   6.26e-05    -0.3     109       0
   408  6.5356806e-03  4.0075464e-04   4.23e-05    -0.3     110       0
   409  6.5227222e-03  3.1105625e-04   3.35e-05     0.0     110       0
   410  6.5184241e-03  1.3857488e-04   2.61e-05     0.0     110       0
   411  6.5165515e-03  1.3693893e-04   2.61e-05     0.0     110       0
   412  6.5034819e-03  9.4060091e-04   7.15e-05    -0.3     108       0
   413  6.4783809e-03  1.3631311e-04   2.60e-05    -0.3     109       0
   414  6.4736304e-03  2.1391334e-04   3.09e-05     0.0     109       0
   415  6.4697132e-03  1.2842269e-04   2.58e-05     0.0     109       0
   416  6.4619567e-03  1.7208676e-04   2.83e-05     0.0     108       0
   417  6.4610808e-03  7.1866501e-04   5.17e-05    -0.3     108       0
   418  6.4508191e-03  1.2713865e-04   2.57e-05    -0.3     108       0
   419  6.4477366e-03  1.5436962e-04   2.62e-05     0.0     108       0
   420  6.4448693e-03  1.3252583e-04   2.57e-05     0.0     108       0
   421  6.4384326e-03  1.3737218e-04   2.57e-05     0.0     108       0
   422  6.4278436e-03  5.6434615e-04   5.10e-05    -0.3     108       0
   423  6.4156723e-03  1.5210076e-04   2.60e-05    -0.3     108       0
   424  6.4113915e-03  1.9983319e-04   2.99e-05     0.0     108       0
   425  6.4089353e-03  1.3297831e-04   2.60e-05     0.0     108       0
   426  6.4041129e-03  1.2889887e-04   2.55e-05     0.0     108       0
   427  6.2767883e-03  4.4982602e-04   4.41e-05     0.0     106       0
   428  6.3105089e-03  1.4882084e-03   8.74e-05    -0.3     106       0
   429  6.3655005e-03  1.7747080e-03   1.16e-04     0.0     107       0
   430  6.2792989e-03  4.1183156e-04   3.75e-05     0.0     106       0
   431  6.2696011e-03  1.2720665e-04   2.53e-05     0.0     106       0
   432  6.2658555e-03  1.2708978e-04   2.52e-05     0.0     106       0
   433  6.1971307e-03  5.5014725e-04   4.92e-05     0.0     108       0
   434  6.1975182e-03  6.1543626e-04   4.61e-05    -0.3     108       0
   435  6.1964591e-03  4.6619236e-04   4.49e-05     0.0     108       0
   436  6.1814556e-03  1.3417642e-04   2.47e-05     0.0     108       0
   437  6.1792839e-03  1.2173671e-04   2.46e-05     0.0     108       0
   438  6.1755436e-03  1.2043659e-04   2.45e-05     0.0     108       0
   439  6.1444029e-03  1.3135473e-03   7.89e-05    -0.3     107       0
   440  6.1600433e-03  9.1128728e-04   6.96e-05    -0.3     108       0
   441  6.1306039e-03  7.3360427e-04   5.19e-05     0.0     108       0
   442  6.1150193e-03  1.2297393e-04   2.47e-05     0.0     108       0
   443  6.1121355e-03  1.3133841e-04   2.47e-05     0.0     108       0
   444  6.1033060e-03  1.8323124e-04   2.84e-05     0.0     108       0
   445  6.1050921e-03  5.5355495e-04   4.32e-05    -0.3     108       0
   446  6.0980278e-03  1.6239493e-04   2.71e-05    -0.3     108       0
   447  6.0946478e-03  1.3868883e-04   2.47e-05     0.0     108       0
   448  6.0929241e-03  1.2967030e-04   2.46e-05     0.0     108       0
   449  6.0865115e-03  1.4168692e-04   2.57e-05     0.0     108       0
   450  6.0833980e-03  7.9007259e-04   5.40e-05    -0.3     107       0
   451  6.0781977e-03  3.1502884e-04   3.60e-05    -0.3     108       0
   452  6.0695606e-03  2.5018582e-04   2.94e-05     0.0     108       0
   453  6.0666048e-03  1.3388451e-04   2.45e-05     0.0     108       0
   454  6.0648453e-03  1.3167998e-04   2.45e-05     0.0     108       0
   455  6.0552269e-03  6.5819711e-04   5.50e-05    -0.3     108       0
   456  6.0407583e-03  1.7219462e-04   2.59e-05    -0.3     108       0
   457  6.0358211e-03  2.0303490e-04   2.92e-05     0.0     108       0
   458  6.0334082e-03  1.2769415e-04   2.47e-05     0.0     108       0
   459  6.0301028e-03  1.2552674e-04   2.46e-05     0.0     108       0
   460  6.0149502e-03  1.0284050e-03   6.50e-05    -0.3     108       0
   461  5.9980396e-03  1.2426663e-04   2.46e-05    -0.3     108       0
   462  5.9934778e-03  1.8901750e-04   2.65e-05     0.0     108       0
   463  5.9907424e-03  1.3109400e-04   2.43e-05     0.0     108       0
   464  5.9865628e-03  1.3516390e-04   2.43e-05     0.0     108       0
   465  5.9878566e-03  7.1824958e-04   5.81e-05    -0.3     107       0
   466  5.9698851e-03  1.3382747e-04   2.43e-05    -0.3     107       0
   467  5.9652594e-03  1.7181264e-04   2.72e-05     0.0     107       0
   468  5.9619768e-03  1.2414569e-04   2.41e-05     0.0     107       0
   469  5.9566516e-03  1.5263004e-04   2.60e-05     0.0     107       0
   470  5.9631748e-03  9.9249801e-04   6.32e-05    -0.3     107       0
   471  5.9466138e-03  1.2369888e-04   2.41e-05    -0.3     107       0
   472  5.9429561e-03  1.7152223e-04   2.55e-05     0.0     107       0
   473  5.9398634e-03  1.2916234e-04   2.41e-05     0.0     107       0
   474  5.9341558e-03  1.3628453e-04   2.41e-05     0.0     107       0
   475  5.9357228e-03  6.0763941e-04   5.19e-05    -0.3     107       0
   476  5.9210140e-03  1.2800572e-04   2.41e-05    -0.3     107       0
   477  5.9176124e-03  1.6300564e-04   2.65e-05     0.0     107       0
   478  5.9137251e-03  1.2411908e-04   2.39e-05     0.0     107       0
   479  5.9054068e-03  1.6717242e-04   2.67e-05     0.0     107       0
   480  5.9037321e-03  4.2708428e-04   3.67e-05    -0.3     107       0
   481  5.9101600e-03  4.2598730e-04   4.20e-05    -0.3     107       0
   482  5.8987309e-03  2.5489083e-04   2.91e-05     0.0     107       0
   483  5.8945305e-03  1.2341406e-04   2.38e-05     0.0     107       0
   484  5.8929116e-03  1.2580391e-04   2.38e-05     0.0     107       0
   485  5.8570728e-03  5.1511985e-04   4.66e-05     0.0     105       0
   486  5.8613787e-03  7.2243588e-04   5.04e-05    -0.3     106       0
   487  5.8593853e-03  4.7978608e-04   4.49e-05     0.0     105       0
   488  5.8429330e-03  1.3205353e-04   2.38e-05     0.0     105       0
   489  5.8405513e-03  1.1815755e-04   2.36e-05     0.0     105       0
   490  5.8372554e-03  1.1586520e-04   2.35e-05     0.0     106       0
   491  5.8383976e-03  2.0694857e-03   1.13e-04    -0.3     104       0
   492  5.8034773e-03  5.5469522e-04   4.90e-05    -0.3     104       0
   493  5.7824071e-03  6.0582709e-04   4.48e-05     0.0     104       0
   494  5.7709483e-03  1.3322814e-04   2.38e-05     0.0     104       0
   495  5.7682184e-03  1.3937409e-04   2.38e-05     0.0     104       0
   496  5.7571437e-03  2.6525918e-04   3.22e-05     0.0     105       0
   497  5.7531124e-03  1.3899246e-04   2.37e-05    -0.3     104       0
   498  5.7507350e-03  1.1949922e-04   2.34e-05     0.0     104       0
   499  5.7479185e-03  1.3722193e-04   2.36e-05     0.0     104       0
   500  5.7437566e-03  2.4714793e-04   3.10e-05     0.0     104       0
   501  5.7446723e-03  4.0753457e-04   3.54e-05    -0.3     104       0
   502  5.7400734e-03  2.0217193e-04   2.84e-05     0.0     104       0
   503  5.7363928e-03  1.3110346e-04   2.34e-05     0.0     104       0
   504  5.7351028e-03  1.2496901e-04   2.34e-05     0.0     104       0
   505  5.7286931e-03  1.1666527e-04   2.32e-05     0.0     104       0
   506  5.7278915e-03  2.0844935e-03   1.13e-04    -0.3     104       0
   507  5.7105632e-03  9.1230988e-04   6.81e-05    -0.3     104       0
   508  5.6802455e-03  8.8228561e-04   5.75e-05     0.0     104       0
   509  5.6599810e-03  1.2622826e-04   2.33e-05     0.0     104       0
   510  5.6568323e-03  1.3514958e-04   2.34e-05     0.0     104       0
   511  5.6468787e-03  1.1464761e-04   2.31e-05     0.0     104       0
   512  5.6478039e-03  9.7729957e-04   6.16e-05     0.0     104       0
   513  5.6316021e-03  1.1903681e-04   2.31e-05    -0.3     104       0
   514  5.6278035e-03  1.6712228e-04   2.44e-05     0.0     104       0
   515  5.6250970e-03  1.2839527e-04   2.31e-05     0.0     104       0
   516  5.6195610e-03  1.2820678e-04   2.30e-05     0.0     104       0
   517  5.6178058e-03  8.1884029e-04   6.24e-05    -0.3     104       0
   518  5.5990189e-03  2.1433312e-04   2.66e-05    -0.3     104       0
   519  5.5925042e-03  2.1626573e-04   2.89e-05     0.0     104       0
   520  5.5894253e-03  1.1468513e-04   2.28e-05     0.0     104       0
   521  5.5873167e-03  1.2272218e-04   2.33e-05     0.0     104       0
   522  5.5794942e-03  4.2854508e-04   3.59e-05    -0.3     103       0
   523  5.5776317e-03  2.6086769e-04   3.14e-05    -0.3     103       0
   524  5.5721527e-03  1.7545364e-04   2.46e-05     0.0     103       0
   525  5.5698478e-03  1.2430509e-04   2.28e-05     0.0     103       0
   526  5.5684526e-03  1.2327880e-04   2.28e-05     0.0     103       0
   527  5.5519636e-03  1.4723413e-03   9.71e-05    -0.3     103       0
   528  5.5264587e-03  9.0800404e-04   5.84e-05    -0.3     103       0
   529  5.5239277e-03  7.9151424e-04   6.09e-05     0.0     103       0
   530  5.4941129e-03  1.2106112e-04   2.27e-05     0.0     103       0
   531  5.4908628e-03  1.2724246e-04   2.34e-05     0.0     103       0
   532  5.4843090e-03  1.2405721e-04   2.31e-05     0.0     103       0
   533  5.4828158e-03  9.0314475e-04   5.78e-05    -0.3     103       0
   534  5.4684889e-03  1.2969807e-04   2.35e-05    -0.3     103       0
   535  5.4623057e-03  1.3278936e-04   2.26e-05     0.0     103       0
   536  5.4590640e-03  1.1283916e-04   2.23e-05     0.0     103       0
   537  5.4551984e-03  1.3164684e-04   2.24e-05     0.0     103       0
   538  5.4557656e-03  3.5881027e-04   3.68e-05     0.0     104       0
   539  5.4522190e-03  2.9320414e-04   2.95e-05    -0.3     103       0
   540  5.4472588e-03  1.8356114e-04   2.65e-05     0.0     103       0
   541  5.4445697e-03  1.1644059e-04   2.22e-05     0.0     103       0
   542  5.4433707e-03  1.1560501e-04   2.22e-05     0.0     103       0
   543  5.2010551e-03  1.3383629e-03   7.72e-05     0.0     101       0
   544  5.3020703e-03  1.9388520e-03   1.22e-04    -0.3     102       0
   545  5.2784418e-03  2.1768568e-03   1.17e-04     0.0     101       0
   546  5.1869606e-03  2.2650138e-04   2.89e-05     0.0     101       0
   547  5.1787363e-03  1.1796491e-04   2.18e-05     0.0     101       0
   548  5.1750071e-03  1.2069450e-04   2.17e-05     0.0     101       0
   549  5.1665753e-03  8.4443146e-04   6.22e-05     0.0     101       0
   550  5.1445506e-03  1.3035221e-04   2.14e-05    -0.3     101       0
   551  5.1391848e-03  1.8409059e-04   2.57e-05     0.0     101       0
   552  5.1367165e-03  1.0511513e-04   2.10e-05     0.0     101       0
   553  5.1337781e-03  1.2037495e-04   2.19e-05     0.0     101       0
   554  5.1292375e-03  2.9798758e-04   2.87e-05    -0.3     101       0
   555  5.1253095e-03  1.0465940e-04   2.10e-05    -0.3     101       0
   556  5.1229112e-03  1.1704382e-04   2.11e-05     0.0     101       0
   557  5.1196782e-03  1.1583075e-04   2.16e-05     0.0     101       0
   558  5.1167805e-03  3.9926988e-04   3.32e-05     0.0     101       0
   559  5.1113979e-03  1.0957610e-04   2.10e-05    -0.3     101       0
   560  5.1094286e-03  1.2430717e-04   2.11e-05     0.0     101       0
   561  5.1071211e-03  1.1058600e-04   2.10e-05     0.0     101       0
   562  5.1012415e-03  1.2066238e-04   2.10e-05     0.0     101       0
   563  5.0968566e-03  2.6905050e-04   3.05e-05    -0.3     101       0
   564  5.0924938e-03  1.1724637e-04   2.10e-05    -0.3     101       0
   565  5.0904533e-03  1.1441033e-04   2.14e-05     0.0     101       0
   566  5.0879324e-03  1.1659718e-04   2.09e-05     0.0     101       0
   567  5.0816237e-03  1.9127571e-04   2.59e-05     0.0     101       0
   568  5.0787976e-03  1.2675942e-04   2.10e-05    -0.3     101       0
   569  5.0764915e-03  1.2295206e-04   2.19e-05     0.0     101       0
   570  5.0742031e-03  1.1774704e-04   2.09e-05     0.0     101       0
   571  5.0702450e-03  1.3912903e-04   2.28e-05     0.0     101       0
   572  5.0684527e-03  2.8932166e-04   2.81e-05    -0.3     101       0
   573  5.0674292e-03  2.2316673e-04   2.78e-05    -0.3     101       0
   574  5.0632335e-03  1.2798087e-04   2.10e-05     0.0     101       0
   575  5.0615238e-03  1.1357146e-04   2.08e-05     0.0     101       0
   576  5.0600830e-03  1.1188223e-04   2.08e-05     0.0     101       0
   577  4.9449552e-03  1.2473522e-03   8.31e-05     0.0      97       0
   578  4.9285688e-03  8.2290237e-04   5.29e-05    -0.3      97       0
   579  4.9450843e-03  1.0462826e-03   7.28e-05     0.0      97       0
   580  4.9010564e-03  1.0692068e-04   2.02e-05     0.0      97       0
   581  4.8977700e-03  9.1660842e-05   1.99e-05     0.0      97       0

 EXIT -- Optimal solution found

 Products with A     :     883        Total time   (secs) :     2.3
 Products with A'    :     582        Project time (secs) :     0.5
 Newton iterations   :       0        Mat-vec time (secs) :     0.7
 Line search its     :     587        Subspace iterations :       0

