
 ==================================================================================
 SPGL1_SLIM v. 46  (Tue, 14 Jun 2011) based on v.1017
 ==================================================================================
 No. rows              :      250      No. columns           :      512
 Initial tau           : 2.00e+01      Two-norm of b         : 1.67e-01
 Optimality tol        : 1.00e-04      Target one-norm of x  : 2.00e+01
 Basis pursuit tol     : 1.00e-06      Maximum iterations    :      100

  Iter      Objective   Relative Gap      gNorm   stepG    nnzX    nnzG
     0  1.6693101e-01  1.1083197e-01   5.54e-03     0.0       0       0
     1  1.5830988e-01  6.3796791e-02   3.17e-03    -0.3     164       0
     2  1.5333345e-01  1.3918757e-01   7.04e-03     0.0     462       0
     3  1.4396816e-01  5.4919064e-02   2.81e-03     0.0     448       0
     4  1.3801618e-01  3.9438281e-02   2.14e-03     0.0     463       0
     5  1.3402149e-01  3.6821167e-02   2.02e-03     0.0     479       0
     6  1.1616939e-01  5.6972696e-02   3.08e-03     0.0     499       0
     7  1.3120724e-01  1.9413530e-01   9.54e-03    -0.3     495       0
     8  1.0895176e-01  6.9862836e-02   3.73e-03     0.0     496       0
     9  1.0410838e-01  2.1916785e-02   1.33e-03     0.0     493       0
    10  1.0262273e-01  2.0816721e-02   1.27e-03     0.0     495       0
    11  6.9803374e-02  1.2806232e-02   7.89e-04     0.0     435       0
    12  9.3588384e-02  1.6912182e-01   8.53e-03    -0.3     461       0
    13  7.7368853e-02  9.7210607e-02   4.91e-03     0.0     481       0
    14  6.6369243e-02  8.7660341e-03   6.22e-04     0.0     476       0
    15  6.6138091e-02  8.6953804e-03   6.19e-04     0.0     472       0
    16  5.1893793e-02  6.9762478e-03   5.41e-04     0.0     297       0
    17  6.3419803e-02  1.0168678e-01   5.12e-03    -0.3     317       0
    18  4.9607959e-02  7.2990748e-03   5.52e-04    -0.3     404       0
    19  4.9142136e-02  5.7270280e-03   4.66e-04     0.0     396       0
    20  4.8845718e-02  5.5665225e-03   4.55e-04     0.0     383       0
    21  4.7339725e-02  2.6324153e-02   1.49e-03    -0.3     291       0
    22  4.6480961e-02  9.0592439e-03   6.07e-04    -0.3     315       0
    23  4.5962256e-02  4.3485166e-03   3.81e-04     0.0     300       0
    24  4.5838126e-02  4.3206303e-03   3.77e-04     0.0     300       0
    25  4.5662476e-02  4.3303518e-03   3.78e-04     0.0     294       0
    26  4.5067257e-02  1.4682422e-02   8.81e-04    -0.3     281       0
    27  4.4527809e-02  5.2921436e-03   4.30e-04    -0.3     294       0
    28  4.4337426e-02  4.4377107e-03   3.82e-04     0.0     285       0
    29  4.4250929e-02  4.4230505e-03   3.82e-04     0.0     284       0
    30  4.3807177e-02  4.2390931e-03   3.71e-04     0.0     277       0
    31  3.4021573e-02  8.4174078e-03   5.05e-04     0.0     176       0
    32  3.8069563e-02  4.4513240e-02   2.34e-03    -0.3     218       0
    33  4.0525331e-02  5.4823494e-02   2.80e-03     0.0     312       0
    34  3.3827945e-02  5.5077294e-03   3.89e-04     0.0     246       0
    35  3.3549330e-02  2.1950586e-03   2.19e-04     0.0     264       0
    36  3.3421294e-02  2.1181310e-03   2.15e-04     0.0     263       0
    37  3.2663558e-02  1.6832186e-02   9.45e-04     0.0     208       0
    38  3.2922817e-02  2.1113829e-02   1.19e-03    -0.3     249       0
    39  3.2017362e-02  6.7465726e-03   4.52e-04     0.0     219       0
    40  3.1633938e-02  1.8436834e-03   2.13e-04     0.0     226       0
    41  3.1582610e-02  1.8891299e-03   2.15e-04     0.0     224       0
    42  3.1040974e-02  1.5257999e-03   1.90e-04     0.0     209       0
    43  3.1439144e-02  2.7541517e-02   1.50e-03     0.0     184       0
    44  3.0348256e-02  1.0293193e-02   6.18e-04    -0.3     229       0
    45  2.9813236e-02  7.8939027e-03   5.10e-04     0.0     203       0
    46  2.9577419e-02  1.5419899e-03   1.88e-04     0.0     213       0
    47  2.9528055e-02  1.5177025e-03   1.87e-04     0.0     210       0
    48  2.9253654e-02  1.4895083e-03   1.82e-04     0.0     194       0
    49  2.9111703e-02  7.0082320e-03   4.62e-04    -0.3     191       0
    50  2.8970276e-02  1.4764709e-03   1.81e-04    -0.3     203       0
    51  2.8920619e-02  1.2699283e-03   1.72e-04     0.0     194       0
    52  2.8874679e-02  1.3329648e-03   1.74e-04     0.0     193       0
    53  2.8706558e-02  1.3891790e-03   1.78e-04     0.0     186       0
    54  2.8750009e-02  5.6265673e-03   3.82e-04    -0.3     187       0
    55  2.8728117e-02  7.3318987e-03   4.78e-04    -0.3     192       0
    56  2.8518446e-02  1.7325980e-03   1.92e-04     0.0     185       0
    57  2.8471812e-02  1.2819015e-03   1.71e-04     0.0     185       0
    58  2.8435877e-02  1.2711343e-03   1.70e-04     0.0     185       0
    59  2.2120117e-02  1.1494954e-03   1.39e-04     0.0     141       0
    60  2.5136578e-02  3.4663267e-02   1.82e-03    -0.3     148       0
    61  2.6838472e-02  3.8657130e-02   1.99e-03    -0.3     213       0
    62  2.1656069e-02  3.3307815e-03   2.56e-04    -0.3     238       0
    63  2.1437009e-02  2.3182358e-03   2.02e-04     0.0     229       0
    64  2.1184821e-02  2.1493906e-03   1.93e-04     0.0     227       0
    65  2.0191059e-02  8.3674715e-03   5.03e-04     0.0     216       0
    66  2.0559033e-02  1.1044167e-02   6.25e-04    -0.3     225       0
    67  2.0002003e-02  4.6991553e-03   3.19e-04     0.0     221       0
    68  1.9817172e-02  7.1648672e-04   1.17e-04     0.0     219       0
    69  1.9781825e-02  6.8162165e-04   1.15e-04     0.0     220       0
    70  1.9341916e-02  1.0678298e-03   1.34e-04     0.0     187       0
    71  1.9423811e-02  4.9472799e-03   3.21e-04    -0.3     186       0
    72  1.9402156e-02  5.4421741e-03   3.55e-04    -0.3     185       0
    73  1.9217503e-02  1.0101542e-03   1.28e-04     0.0     183       0
    74  1.9182542e-02  6.8800290e-04   1.13e-04     0.0     183       0
    75  1.9156892e-02  6.8587882e-04   1.12e-04     0.0     182       0
    76  1.8731133e-02  1.1291734e-02   6.40e-04    -0.3     147       0
    77  1.8530722e-02  5.8642706e-03   3.60e-04    -0.3     170       0
    78  1.8362999e-02  5.7059454e-03   3.60e-04     0.0     151       0
    79  1.8165759e-02  7.5725503e-04   1.09e-04     0.0     152       0
    80  1.8140584e-02  8.8847539e-04   1.16e-04     0.0     152       0
    81  1.8028439e-02  7.4210631e-04   1.08e-04     0.0     151       0
    82  1.7849381e-02  5.5145090e-03   3.41e-04    -0.3     148       0
    83  1.7889529e-02  7.1266113e-03   4.32e-04    -0.3     156       0
    84  1.7680700e-02  1.9640985e-03   1.67e-04     0.0     149       0
    85  1.7577569e-02  6.8105001e-04   1.05e-04     0.0     149       0
    86  1.7558057e-02  7.0996524e-04   1.06e-04     0.0     149       0
    87  1.7440844e-02  5.9432693e-04   9.97e-05     0.0     149       0
    88  1.7405137e-02  1.3465969e-03   1.35e-04    -0.3     150       0
    89  1.7418704e-02  3.0378446e-03   2.23e-04    -0.3     150       0
    90  1.7364396e-02  1.0268135e-03   1.19e-04     0.0     149       0
    91  1.7334213e-02  5.0671238e-04   9.44e-05     0.0     149       0
    92  1.7321447e-02  5.8177213e-04   9.78e-05     0.0     149       0
    93  1.7219193e-02  4.6894259e-04   9.20e-05     0.0     149       0
    94  1.7314050e-02  6.9653246e-03   4.09e-04    -0.3     148       0
    95  1.7158636e-02  4.6038040e-03   3.01e-04    -0.3     154       0
    96  1.7019352e-02  1.4156717e-03   1.37e-04     0.0     149       0
    97  1.6968828e-02  6.3027940e-04   9.90e-05     0.0     151       0
    98  1.6952332e-02  6.6765888e-04   1.01e-04     0.0     150       0
    99  1.6859411e-02  6.7025120e-03   4.05e-04     0.0     147       0
   100  1.6705023e-02  1.2954352e-03   1.30e-04    -0.3     147       0

 ERROR EXIT -- Too many iterations

 Products with A     :     155        Total time   (secs) :     0.4
 Products with A'    :     101        Project time (secs) :     0.1
 Newton iterations   :       0        Mat-vec time (secs) :     0.2
 Line search its     :      98        Subspace iterations :       0

