
 ==================================================================================
 SPGL1_SLIM v. 46  (Tue, 14 Jun 2011) based on v.1017
 ==================================================================================
 No. rows              :      300      No. columns           :      512
 Initial tau           : 2.00e+01      Two-norm of b         : 2.35e-01
 Optimality tol        : 1.00e-04      Target one-norm of x  : 2.00e+01
 Basis pursuit tol     : 1.00e-06      Maximum iterations    :      100

  Iter      Objective   Relative Gap      gNorm   stepG    nnzX    nnzG
     0  2.3479729e-01  4.7414204e-01   2.37e-02     0.0       0       0
     1  1.9640210e-01  3.9899969e-01   1.81e-02    -0.3     184       0
     2  1.5864424e-01  1.3219008e-01   7.00e-03     0.0     484       0
     3  1.4496155e-01  4.4478451e-02   2.28e-03     0.0     454       0
     4  1.4146288e-01  4.0764723e-02   2.14e-03     0.0     459       0
     5  9.7339696e-02  2.1223816e-02   1.12e-03     0.0     501       0
     6  1.1110264e-01  1.9186372e-01   1.01e-02    -0.3     506       0
     7  1.0842636e-01  2.1272613e-01   9.95e-03    -0.3     502       0
     8  8.1845671e-02  1.2611267e-02   8.18e-04     0.0     498       0
     9  8.1226767e-02  1.1836751e-02   7.72e-04     0.0     496       0
    10  6.8405794e-02  3.9016132e-02   2.28e-03     0.0     427       0
    11  6.8792261e-02  5.0967190e-02   2.58e-03    -0.3     448       0
    12  6.6406845e-02  1.3379700e-02   9.25e-04     0.0     446       0
    13  6.5774781e-02  7.9174717e-03   5.88e-04     0.0     433       0
    14  6.5517067e-02  8.2834441e-03   6.11e-04     0.0     431       0
    15  6.0821743e-02  7.3144438e-03   5.17e-04     0.0     387       0
    16  6.5657641e-02  6.9145627e-02   3.84e-03    -0.3     403       0
    17  5.9541834e-02  6.6063023e-03   4.88e-04    -0.3     426       0
    18  5.9290015e-02  7.0055193e-03   5.37e-04     0.0     415       0
    19  5.9043211e-02  6.9107519e-03   5.31e-04     0.0     406       0
    20  4.9827775e-02  5.8517493e-02   2.85e-03     0.0     223       0
    21  5.0095025e-02  5.2031168e-02   2.90e-03    -0.3     280       0
    22  4.8719795e-02  4.7751919e-02   2.36e-03     0.0     365       0
    23  4.5293899e-02  4.4865223e-03   3.65e-04     0.0     322       0
    24  4.5107487e-02  4.6786936e-03   3.71e-04     0.0     325       0
    25  4.3644203e-02  5.2210602e-03   4.19e-04     0.0     268       0
    26  4.4075807e-02  2.0252547e-02   1.08e-03    -0.3     275       0
    27  4.4012221e-02  1.6894965e-02   1.04e-03     0.0     292       0
    28  4.3281142e-02  3.2119761e-03   2.88e-04     0.0     271       0
    29  4.3220092e-02  2.8145490e-03   2.76e-04     0.0     271       0
    30  4.3046870e-02  2.6060684e-03   2.67e-04     0.0     269       0
    31  3.8809268e-02  1.7003447e-02   9.24e-04     0.0     208       0
    32  3.8962771e-02  1.4455017e-02   9.12e-04    -0.3     235       0
    33  3.8492214e-02  1.0370051e-02   6.14e-04     0.0     222       0
    34  3.8186952e-02  2.7248567e-03   2.71e-04     0.0     222       0
    35  3.8130158e-02  2.6361103e-03   2.62e-04     0.0     220       0
    36  3.7787029e-02  2.6588163e-03   2.68e-04     0.0     221       0
    37  3.7589351e-02  8.1127417e-03   5.01e-04    -0.3     218       0
    38  3.7422205e-02  2.4121874e-03   2.54e-04    -0.3     222       0
    39  3.7361834e-02  2.1234623e-03   2.29e-04     0.0     222       0
    40  3.7288945e-02  2.1998855e-03   2.38e-04     0.0     221       0
    41  3.6990767e-02  5.1017185e-03   3.58e-04     0.0     211       0
    42  3.7205143e-02  1.1239738e-02   7.30e-04    -0.3     223       0
    43  3.6888514e-02  4.6596453e-03   3.37e-04     0.0     215       0
    44  3.6769125e-02  2.0892904e-03   2.31e-04     0.0     213       0
    45  3.6728898e-02  2.0362347e-03   2.25e-04     0.0     212       0
    46  3.6405838e-02  2.2893220e-03   2.44e-04     0.0     211       0
    47  3.6526782e-02  1.6333699e-02   8.82e-04    -0.3     211       0
    48  3.6050815e-02  1.9092137e-03   2.22e-04    -0.3     216       0
    49  3.5971906e-02  2.1567878e-03   2.24e-04     0.0     214       0
    50  3.5882475e-02  1.8450741e-03   2.15e-04     0.0     215       0
    51  3.5593520e-02  3.0135598e-03   2.56e-04     0.0     205       0
    52  3.5696563e-02  8.6569419e-03   5.88e-04    -0.3     212       0
    53  3.5553671e-02  6.3103541e-03   4.11e-04     0.0     205       0
    54  3.5397643e-02  1.9743797e-03   2.25e-04     0.0     207       0
    55  3.5354704e-02  1.7710470e-03   2.08e-04     0.0     206       0
    56  3.5283365e-02  1.7857243e-03   2.09e-04     0.0     206       0
    57  3.1015127e-02  2.2157612e-03   2.32e-04     0.0     182       0
    58  3.2148327e-02  2.6703969e-02   1.36e-03    -0.3     187       0
    59  3.4272481e-02  3.5852632e-02   2.02e-03    -0.3     277       0
    60  3.1014852e-02  8.7651959e-03   5.17e-04     0.0     198       0
    61  3.0733118e-02  1.4253190e-03   1.81e-04     0.0     205       0
    62  3.0672712e-02  1.4261713e-03   1.80e-04     0.0     203       0
    63  2.9099992e-02  1.4190658e-02   8.63e-04     0.0     171       0
    64  2.9543088e-02  1.9540322e-02   1.02e-03    -0.3     211       0
    65  2.9583949e-02  1.7326110e-02   1.03e-03     0.0     208       0
    66  2.8522451e-02  1.3953675e-03   1.70e-04     0.0     185       0
    67  2.8477623e-02  1.1844812e-03   1.64e-04     0.0     183       0
    68  2.8356776e-02  1.2000310e-03   1.66e-04     0.0     181       0
    69  2.8042744e-02  1.1482389e-02   6.32e-04    -0.3     176       0
    70  2.7830159e-02  3.5159423e-03   2.94e-04    -0.3     186       0
    71  2.7672723e-02  1.9850724e-03   1.89e-04     0.0     179       0
    72  2.7626482e-02  1.1531427e-03   1.56e-04     0.0     181       0
    73  2.7587683e-02  1.2181551e-03   1.58e-04     0.0     180       0
    74  2.7304203e-02  7.8320964e-03   5.23e-04    -0.3     179       0
    75  2.7380771e-02  9.5526297e-03   5.44e-04    -0.3     184       0
    76  2.7164450e-02  4.1986104e-03   3.31e-04     0.0     184       0
    77  2.7013700e-02  1.1821347e-03   1.57e-04     0.0     180       0
    78  2.6985244e-02  1.0585373e-03   1.53e-04     0.0     181       0
    79  2.6850896e-02  1.0659154e-03   1.53e-04     0.0     178       0
    80  2.5322438e-02  1.9305559e-02   9.89e-04    -0.3     159       0
    81  2.4965719e-02  1.0049682e-02   6.32e-04    -0.3     198       0
    82  2.4738866e-02  8.9859895e-03   5.07e-04     0.0     168       0
    83  2.4430554e-02  9.6662050e-04   1.40e-04     0.0     175       0
    84  2.4398931e-02  1.0548161e-03   1.41e-04     0.0     172       0
    85  2.4262873e-02  1.0015119e-03   1.39e-04     0.0     172       0
    86  2.4019703e-02  6.3731381e-03   4.36e-04    -0.3     170       0
    87  2.3873681e-02  1.9769415e-03   1.82e-04    -0.3     167       0
    88  2.3786389e-02  9.0346668e-04   1.41e-04     0.0     170       0
    89  2.3748940e-02  1.0778172e-03   1.42e-04     0.0     169       0
    90  2.3712719e-02  7.7958562e-04   1.30e-04     0.0     169       0
    91  2.3592354e-02  1.6114027e-03   1.61e-04     0.0     164       0
    92  2.3552977e-02  8.7259973e-04   1.38e-04    -0.3     164       0
    93  2.3515455e-02  1.0922421e-03   1.40e-04     0.0     164       0
    94  2.3480581e-02  7.8034215e-04   1.29e-04     0.0     164       0
    95  2.3388340e-02  9.9359962e-04   1.36e-04     0.0     164       0
    96  2.3272969e-02  3.8128773e-03   2.97e-04    -0.3     164       0
    97  2.3181182e-02  1.0067421e-03   1.36e-04    -0.3     166       0
    98  2.3145827e-02  7.8477563e-04   1.31e-04     0.0     164       0
    99  2.3112235e-02  7.6709946e-04   1.26e-04     0.0     164       0
   100  2.2972128e-02  7.7037540e-04   1.30e-04     0.0     164       0

 ERROR EXIT -- Too many iterations

 Products with A     :     153        Total time   (secs) :     0.7
 Products with A'    :     101        Project time (secs) :     0.1
 Newton iterations   :       0        Mat-vec time (secs) :     0.3
 Line search its     :      97        Subspace iterations :       0

