
 ==================================================================================
 SPGL1_SLIM v. 46  (Tue, 14 Jun 2011) based on v.1017
 ==================================================================================
 No. rows              :      350      No. columns           :      512
 Initial tau           : 2.00e+01      Two-norm of b         : 2.45e-01
 Optimality tol        : 1.00e-04      Target one-norm of x  : 2.00e+01
 Basis pursuit tol     : 1.00e-06      Maximum iterations    :      100

  Iter      Objective   Relative Gap      gNorm   stepG    nnzX    nnzG
     0  2.4481726e-01  4.2099524e-01   2.10e-02     0.0       0       0
     1  2.2797188e-01  4.2376094e-01   1.96e-02    -0.3     183       0
     2  1.8918207e-01  1.7198149e-01   9.02e-03     0.0     481       0
     3  1.7342078e-01  5.6768918e-02   3.04e-03     0.0     466       0
     4  1.6705649e-01  5.2523173e-02   2.90e-03     0.0     472       0
     5  1.2557591e-01  4.5735717e-02   2.38e-03     0.0     496       0
     6  1.4847507e-01  2.8465964e-01   1.47e-02    -0.3     496       0
     7  1.5727006e-01  3.7152715e-01   1.74e-02     0.0     501       0
     8  1.0854172e-01  2.8096029e-02   1.67e-03     0.0     498       0
     9  1.0750289e-01  2.7985442e-02   1.66e-03     0.0     494       0
    10  9.1161215e-02  4.4933178e-02   2.65e-03     0.0     434       0
    11  9.8920871e-02  1.3159789e-01   6.51e-03    -0.3     455       0
    12  9.0213245e-02  4.4744255e-02   2.64e-03     0.0     476       0
    13  8.8075090e-02  1.4906199e-02   1.04e-03     0.0     452       0
    14  8.7683035e-02  1.4495406e-02   1.02e-03     0.0     440       0
    15  7.7584332e-02  2.7058381e-02   1.67e-03     0.0     354       0
    16  7.9200320e-02  5.9988506e-02   3.11e-03    -0.3     383       0
    17  7.7737394e-02  4.0737135e-02   2.39e-03     0.0     418       0
    18  7.5818139e-02  1.0335532e-02   7.74e-04     0.0     374       0
    19  7.5579106e-02  9.9000451e-03   7.60e-04     0.0     371       0
    20  7.2719871e-02  8.5785388e-03   7.08e-04     0.0     348       0
    21  7.0782299e-02  5.7053990e-02   2.96e-03    -0.3     346       0
    22  7.4927264e-02  8.5120257e-02   4.69e-03    -0.3     407       0
    23  6.7958275e-02  1.1983050e-02   8.27e-04     0.0     398       0
    24  6.7545126e-02  6.7401708e-03   6.00e-04     0.0     379       0
    25  6.7271226e-02  6.6960443e-03   5.96e-04     0.0     370       0
    26  6.1888071e-02  1.0336437e-01   5.51e-03     0.0     216       0
    27  5.9025489e-02  7.9508694e-02   3.98e-03    -0.3     258       0
    28  6.5432571e-02  1.0950357e-01   5.87e-03     0.0     395       0
    29  5.2366538e-02  5.7555242e-03   4.86e-04     0.0     318       0
    30  5.2132033e-02  4.6385992e-03   4.36e-04     0.0     321       0
    31  5.1202147e-02  6.1294740e-03   5.27e-04     0.0     274       0
    32  5.0988341e-02  6.9645585e-03   5.31e-04    -0.3     273       0
    33  5.0801148e-02  7.2460105e-03   5.85e-04     0.0     266       0
    34  5.0577161e-02  5.7600966e-03   4.76e-04     0.0     260       0
    35  5.0419253e-02  3.5579772e-03   3.82e-04     0.0     257       0
    36  5.0228838e-02  4.5183437e-03   4.20e-04     0.0     250       0
    37  4.9735552e-02  1.6531331e-02   1.06e-03     0.0     242       0
    38  4.9283541e-02  4.9127855e-03   4.35e-04    -0.3     243       0
    39  4.9128337e-02  3.4004766e-03   3.73e-04     0.0     242       0
    40  4.8941652e-02  4.0078288e-03   3.94e-04     0.0     240       0
    41  4.8369321e-02  1.3319493e-02   8.95e-04     0.0     233       0
    42  4.8034151e-02  4.8107955e-03   4.26e-04    -0.3     235       0
    43  4.7881249e-02  3.2095903e-03   3.62e-04     0.0     234       0
    44  4.7726803e-02  3.5329446e-03   3.69e-04     0.0     232       0
    45  4.7160384e-02  6.6251545e-03   5.44e-04     0.0     225       0
    46  4.6970704e-02  5.3660043e-03   4.47e-04    -0.3     228       0
    47  4.6811372e-02  3.4986593e-03   3.79e-04     0.0     225       0
    48  4.6664287e-02  3.7952552e-03   3.76e-04     0.0     226       0
    49  4.6494731e-02  3.0059342e-03   3.48e-04     0.0     223       0
    50  4.6118024e-02  7.3955652e-03   5.35e-04     0.0     221       0
    51  4.5920922e-02  3.0575065e-03   3.52e-04    -0.3     221       0
    52  4.5794204e-02  3.6065411e-03   3.65e-04     0.0     221       0
    53  4.5646659e-02  2.9108307e-03   3.39e-04     0.0     220       0
    54  4.5153907e-02  5.4538904e-03   4.43e-04     0.0     218       0
    55  4.5110900e-02  1.0632063e-02   7.48e-04    -0.3     221       0
    56  4.4888857e-02  5.7357947e-03   4.55e-04     0.0     218       0
    57  4.4712738e-02  2.7720947e-03   3.31e-04     0.0     218       0
    58  4.4620806e-02  2.9418466e-03   3.32e-04     0.0     218       0
    59  4.4355197e-02  2.7141092e-03   3.27e-04     0.0     214       0
    60  4.4190680e-02  2.5282069e-02   1.38e-03    -0.3     207       0
    61  4.3333894e-02  3.0300671e-03   3.47e-04    -0.3     232       0
    62  4.3157764e-02  3.6257139e-03   3.57e-04     0.0     217       0
    63  4.3038776e-02  2.9156355e-03   3.27e-04     0.0     217       0
    64  4.2495419e-02  2.5138637e-03   3.11e-04     0.0     209       0
    65  4.2031773e-02  1.6626147e-02   9.63e-04    -0.3     208       0
    66  4.1614434e-02  4.0949003e-03   3.99e-04    -0.3     220       0
    67  4.1423024e-02  3.3974855e-03   3.40e-04     0.0     212       0
    68  4.1335926e-02  2.6670769e-03   3.10e-04     0.0     211       0
    69  4.1093847e-02  2.4523729e-03   2.99e-04     0.0     208       0
    70  3.3539146e-02  3.5323874e-02   1.97e-03     0.0     148       0
    71  3.7086530e-02  5.5444650e-02   2.78e-03    -0.3     183       0
    72  3.4497234e-02  3.0424880e-02   1.74e-03    -0.3     299       0
    73  3.2256765e-02  2.1556728e-03   2.51e-04     0.0     219       0
    74  3.2109702e-02  1.8353926e-03   2.37e-04     0.0     222       0
    75  3.1517659e-02  1.6050705e-03   2.22e-04     0.0     197       0
    76  2.9363012e-02  1.0082782e-02   6.04e-04     0.0     153       0
    77  3.0233715e-02  2.1253541e-02   1.25e-03    -0.3     188       0
    78  2.9487111e-02  1.1960677e-02   6.97e-04     0.0     163       0
    79  2.9019591e-02  1.5193315e-03   2.10e-04     0.0     158       0
    80  2.8964848e-02  1.3186318e-03   1.96e-04     0.0     157       0
    81  2.8722824e-02  1.6093666e-03   2.11e-04     0.0     159       0
    82  2.8128969e-02  2.8988747e-02   1.49e-03     0.0     147       0
    83  2.6722430e-02  3.4327960e-03   3.07e-04    -0.3     187       0
    84  2.6509586e-02  3.2921390e-03   2.73e-04     0.0     174       0
    85  2.6417336e-02  1.3858473e-03   1.90e-04     0.0     173       0
    86  2.6349962e-02  1.5306505e-03   1.91e-04     0.0     172       0
    87  2.6193350e-02  1.6581701e-03   2.05e-04     0.0     170       0
    88  2.6361892e-02  1.3543058e-02   7.57e-04     0.0     153       0
    89  2.6264137e-02  9.8464743e-03   6.36e-04    -0.3     169       0
    90  2.5873642e-02  2.5029857e-03   2.32e-04     0.0     153       0
    91  2.5806783e-02  1.2545223e-03   1.77e-04     0.0     153       0
    92  2.5753418e-02  1.2798808e-03   1.78e-04     0.0     153       0
    93  2.5363268e-02  1.2629255e-02   7.74e-04    -0.3     152       0
    94  2.5738797e-02  1.6218973e-02   8.85e-04    -0.3     171       0
    95  2.5595936e-02  1.4354282e-02   8.69e-04     0.0     177       0
    96  2.4892633e-02  1.1284137e-03   1.68e-04     0.0     160       0
    97  2.4850766e-02  1.2406529e-03   1.75e-04     0.0     159       0
    98  2.4679187e-02  1.3822962e-03   1.83e-04     0.0     163       0
    99  2.3046948e-02  1.8568190e-02   9.81e-04     0.0     144       0
   100  2.3858839e-02  2.1667281e-02   1.24e-03    -0.3     192       0
NOTE: solution not actually optimal, best objective value is 2.3046948e-02
 ERROR EXIT -- Too many iterations

 Products with A     :     147        Total time   (secs) :     0.6
 Products with A'    :     101        Project time (secs) :     0.1
 Newton iterations   :       0        Mat-vec time (secs) :     0.2
 Line search its     :      79        Subspace iterations :       0

