
 ==================================================================================
 SPGL1_SLIM v. 46  (Tue, 14 Jun 2011) based on v.1017
 ==================================================================================
 No. rows              :      400      No. columns           :      512
 Initial tau           : 2.00e+01      Two-norm of b         : 2.03e-01
 Optimality tol        : 1.00e-04      Target one-norm of x  : 2.00e+01
 Basis pursuit tol     : 1.00e-06      Maximum iterations    :      100

  Iter      Objective   Relative Gap      gNorm   stepG    nnzX    nnzG
     0  2.0339664e-01  4.9242528e-01   2.46e-02     0.0       0       0
     1  1.8899416e-01  3.1822170e-01   1.58e-02    -0.3     360       0
     2  1.7892594e-01  6.5399029e-02   3.43e-03     0.0     446       0
     3  1.7076177e-01  6.1167516e-02   3.22e-03     0.0     473       0
     4  1.4830203e-01  3.1124189e-01   1.59e-02     0.0     492       0
     5  1.4039531e-01  1.3415062e-01   6.95e-03    -0.3     497       0
     6  1.3674259e-01  3.6217963e-02   2.13e-03     0.0     497       0
     7  1.3203956e-01  3.7206932e-02   2.16e-03     0.0     498       0
     8  1.2115529e-01  4.5364028e-01   2.30e-02     0.0     500       0
     9  1.0773260e-01  1.1175201e-01   5.80e-03    -0.3     501       0
    10  1.0591283e-01  2.5684240e-02   1.55e-03     0.0     497       0
    11  1.0445741e-01  2.4974956e-02   1.51e-03     0.0     498       0
    12  8.3426731e-02  1.6080314e-01   8.35e-03     0.0     374       0
    13  8.8986084e-02  3.1527261e-01   1.59e-02    -0.3     402       0
    14  8.0796377e-02  8.0519118e-02   4.33e-03     0.0     444       0
    15  7.9630816e-02  1.1547567e-02   8.54e-04     0.0     424       0
    16  7.9234316e-02  1.1484453e-02   8.51e-04     0.0     410       0
    17  7.3119395e-02  7.2164152e-02   3.85e-03     0.0     339       0
    18  7.7818276e-02  2.5335982e-01   1.28e-02    -0.3     373       0
    19  7.2584279e-02  1.1308084e-01   5.93e-03     0.0     408       0
    20  7.0820263e-02  1.0842636e-02   7.86e-04     0.0     382       0
    21  7.0585593e-02  1.0628732e-02   7.78e-04     0.0     378       0
    22  6.6455738e-02  6.0519870e-02   3.31e-03     0.0     308       0
    23  6.6514687e-02  8.6521713e-02   4.55e-03    -0.3     317       0
    24  6.5500218e-02  2.9975881e-02   1.77e-03     0.0     315       0
    25  6.5149057e-02  8.5747306e-03   6.88e-04     0.0     310       0
    26  6.4907527e-02  8.6925237e-03   6.96e-04     0.0     308       0
    27  6.2763620e-02  1.8811808e-02   1.18e-03     0.0     282       0
    28  6.3069167e-02  8.5633356e-02   4.55e-03    -0.3     281       0
    29  6.3595485e-02  1.1478654e-01   5.93e-03     0.0     295       0
    30  6.1824914e-02  1.3179714e-02   9.10e-04     0.0     276       0
    31  6.1632333e-02  6.5278225e-03   5.70e-04     0.0     273       0
    32  6.1376230e-02  6.6929459e-03   5.79e-04     0.0     271       0
    33  5.7333125e-02  9.2309012e-02   4.81e-03     0.0     241       0
    34  5.8327889e-02  1.2016484e-01   6.28e-03    -0.3     259       0
    35  5.6169791e-02  2.7136906e-02   1.58e-03     0.0     251       0
    36  5.5890663e-02  5.1982485e-03   4.98e-04     0.0     245       0
    37  5.5748096e-02  5.0963674e-03   4.91e-04     0.0     244       0
    38  4.8864047e-02  5.5340889e-02   2.98e-03     0.0     212       0
    39  4.9529984e-02  8.7118314e-02   4.52e-03    -0.3     220       0
    40  4.8460946e-02  3.5232875e-02   1.98e-03     0.0     224       0
    41  4.8063622e-02  3.5826209e-03   3.78e-04     0.0     218       0
    42  4.7957836e-02  3.5333902e-03   3.78e-04     0.0     220       0
    43  4.7206751e-02  3.3446757e-03   3.74e-04     0.0     219       0
    44  4.7453985e-02  9.9366358e-02   5.13e-03    -0.3     210       0
    45  4.5973191e-02  1.2333955e-02   8.31e-04    -0.3     215       0
    46  4.5706143e-02  2.8635316e-03   3.47e-04     0.0     213       0
    47  4.5556731e-02  3.1328626e-03   3.62e-04     0.0     213       0
    48  4.4909726e-02  7.4655707e-03   5.70e-04     0.0     208       0
    49  4.5511889e-02  8.1669010e-02   4.31e-03    -0.3     209       0
    50  4.5073321e-02  6.4163851e-02   3.38e-03    -0.3     226       0
    51  4.4208809e-02  6.3764061e-03   5.23e-04     0.0     212       0
    52  4.4112858e-02  2.6392497e-03   3.31e-04     0.0     212       0
    53  4.3957148e-02  2.7723153e-03   3.39e-04     0.0     209       0
    54  4.3856212e-02  1.2041536e-01   6.16e-03     0.0     195       0
    55  4.2629773e-02  7.3351878e-02   3.89e-03    -0.3     222       0
    56  4.1316396e-02  1.6060638e-02   9.88e-04     0.0     198       0
    57  4.1127161e-02  2.2203500e-03   3.03e-04     0.0     200       0
    58  4.1015412e-02  2.1413276e-03   2.97e-04     0.0     198       0
    59  3.7157178e-02  2.4303984e-02   1.39e-03     0.0     179       0
    60  3.8321899e-02  8.1740662e-02   4.22e-03    -0.3     186       0
    61  3.7428716e-02  4.4604006e-02   2.42e-03     0.0     196       0
    62  3.6832685e-02  2.7711665e-03   3.06e-04     0.0     184       0
    63  3.6769039e-02  1.6854356e-03   2.53e-04     0.0     184       0
    64  3.6583588e-02  1.7247904e-03   2.56e-04     0.0     182       0
    65  3.6461904e-02  7.6007364e-02   3.94e-03    -0.3     180       0
    66  3.6269308e-02  6.2190910e-02   3.30e-03    -0.3     197       0
    67  3.5219894e-02  1.2283507e-02   7.77e-04     0.0     183       0
    68  3.5087698e-02  1.7279550e-03   2.54e-04     0.0     183       0
    69  3.5007809e-02  1.6872373e-03   2.51e-04     0.0     183       0
    70  3.1292774e-02  5.7330702e-03   4.25e-04     0.0     157       0
    71  3.2729645e-02  9.5034639e-02   4.86e-03    -0.3     175       0
    72  3.4997480e-02  1.3220661e-01   6.80e-03    -0.3     225       0
    73  3.0739081e-02  1.7195465e-02   1.00e-03     0.0     175       0
    74  3.0545373e-02  1.2864300e-03   2.12e-04     0.0     176       0
    75  3.0453369e-02  1.2857070e-03   2.11e-04     0.0     177       0
    76  2.7736971e-02  1.5953497e-02   9.23e-04     0.0     155       0
    77  3.0188897e-02  1.0056998e-01   5.19e-03    -0.3     165       0
    78  2.8445105e-02  5.5232406e-02   2.87e-03     0.0     189       0
    79  2.7463585e-02  5.3485748e-03   4.05e-04     0.0     164       0
    80  2.7389597e-02  1.4257815e-03   2.05e-04     0.0     166       0
    81  2.7285618e-02  1.3333980e-03   1.99e-04     0.0     167       0
    82  2.5533065e-02  1.6224613e-03   1.97e-04     0.0     148       0
    83  2.5254003e-02  3.1372382e-02   1.68e-03    -0.3     168       0
    84  2.4960383e-02  2.9388232e-03   2.72e-04    -0.3     170       0
    85  2.4881526e-02  1.2184504e-03   1.82e-04     0.0     167       0
    86  2.4829070e-02  1.1738893e-03   1.80e-04     0.0     166       0
    87  2.4467037e-02  5.8487022e-03   4.08e-04     0.0     158       0
    88  2.4581805e-02  2.5714776e-02   1.41e-03    -0.3     158       0
    89  2.4592122e-02  2.8515113e-02   1.53e-03     0.0     162       0
    90  2.4289295e-02  2.4229050e-03   2.42e-04     0.0     156       0
    91  2.4247440e-02  9.9651649e-04   1.68e-04     0.0     157       0
    92  2.4199092e-02  9.6570555e-04   1.66e-04     0.0     156       0
    93  2.1069481e-02  9.8008427e-04   1.53e-04     0.0     138       0
    94  1.9399289e-02  4.0177613e-03   2.87e-04    -0.3     144       0
    95  1.8380157e-02  1.4809266e-02   8.36e-04    -0.3     176       0
    96  1.8871356e-02  4.0575669e-02   2.14e-03    -0.3     176       0
    97  1.8159918e-02  1.7109310e-02   9.46e-04     0.0     178       0
    98  1.7949170e-02  9.6319546e-04   1.46e-04     0.0     177       0
    99  1.7906508e-02  9.3798907e-04   1.44e-04     0.0     176       0
   100  1.7130149e-02  7.5066098e-03   4.56e-04     0.0     156       0

 ERROR EXIT -- Too many iterations

 Products with A     :     149        Total time   (secs) :     0.5
 Products with A'    :     101        Project time (secs) :     0.1
 Newton iterations   :       0        Mat-vec time (secs) :     0.2
 Line search its     :      92        Subspace iterations :       0

