
 ==================================================================================
 SPGL1_SLIM v. 46  (Tue, 14 Jun 2011) based on v.1017
 ==================================================================================
 No. rows              :      450      No. columns           :      512
 Initial tau           : 2.00e+01      Two-norm of b         : 2.36e-01
 Optimality tol        : 1.00e-04      Target one-norm of x  : 2.00e+01
 Basis pursuit tol     : 1.00e-06      Maximum iterations    :      100

  Iter      Objective   Relative Gap      gNorm   stepG    nnzX    nnzG
     0  2.3609630e-01  5.9192697e-01   2.96e-02     0.0       0       0
     1  2.1230215e-01  3.4701081e-01   1.69e-02    -0.3     305       0
     2  1.9784774e-01  7.4597324e-02   3.90e-03     0.0     428       0
     3  1.9231399e-01  6.2838789e-02   3.29e-03     0.0     454       0
     4  1.6667998e-01  6.6134154e-02   3.70e-03     0.0     490       0
     5  1.6100761e-01  1.9810374e-01   1.00e-02    -0.3     493       0
     6  1.6608060e-01  3.7708579e-01   1.94e-02     0.0     492       0
     7  1.4826278e-01  1.0779516e-01   5.65e-03     0.0     499       0
     8  1.4468826e-01  3.8968266e-02   2.35e-03     0.0     495       0
     9  1.4127722e-01  3.5850506e-02   2.19e-03     0.0     494       0
    10  1.1279029e-01  2.3712505e-01   1.23e-02     0.0     386       0
    11  1.2423966e-01  3.7809269e-01   1.87e-02    -0.3     431       0
    12  1.0543911e-01  1.0237229e-01   5.57e-03     0.0     480       0
    13  1.0237385e-01  1.6785543e-02   1.19e-03     0.0     470       0
    14  1.0178791e-01  1.7047425e-02   1.21e-03     0.0     457       0
    15  8.3623167e-02  7.8369017e-02   4.36e-03     0.0     296       0
    16  9.1933211e-02  2.2661638e-01   1.14e-02    -0.3     320       0
    17  8.6117468e-02  1.3226679e-01   7.10e-03     0.0     414       0
    18  8.1228656e-02  9.6113645e-03   8.46e-04     0.0     368       0
    19  8.0891267e-02  9.3468619e-03   8.36e-04     0.0     358       0
    20  7.5966694e-02  8.5797926e-02   4.70e-03     0.0     266       0
    21  7.5122493e-02  6.4697710e-02   3.50e-03    -0.3     309       0
    22  7.3783841e-02  1.7690439e-02   1.25e-03     0.0     282       0
    23  7.3373757e-02  7.9384720e-03   7.35e-04     0.0     276       0
    24  7.3043479e-02  7.6249784e-03   7.23e-04     0.0     274       0
    25  6.6605849e-02  4.5992357e-02   2.57e-03     0.0     231       0
    26  7.2168874e-02  1.5197186e-01   8.04e-03    -0.3     264       0
    27  6.7295913e-02  7.4457889e-02   3.96e-03     0.0     337       0
    28  6.5228898e-02  5.7699048e-03   6.20e-04     0.0     295       0
    29  6.4981698e-02  5.6972860e-03   6.12e-04     0.0     289       0
    30  6.0260571e-02  1.0304084e-02   8.29e-04     0.0     212       0
    31  6.0979337e-02  7.8688253e-02   4.14e-03    -0.3     215       0
    32  6.1120071e-02  7.5998032e-02   4.17e-03    -0.3     289       0
    33  5.8831189e-02  9.4843606e-03   7.58e-04     0.0     227       0
    34  5.8603744e-02  4.7410341e-03   5.34e-04     0.0     226       0
    35  5.8304601e-02  4.6102408e-03   5.27e-04     0.0     222       0
    36  4.4821464e-02  4.1423029e-02   2.35e-03     0.0     161       0
    37  5.1937898e-02  1.4813752e-01   7.46e-03    -0.3     179       0
    38  5.1142686e-02  1.2606521e-01   6.66e-03     0.0     302       0
    39  4.4445952e-02  1.7956103e-02   1.12e-03     0.0     230       0
    40  4.4021584e-02  3.2028232e-03   4.04e-04     0.0     235       0
    41  4.3778168e-02  3.2563457e-03   4.03e-04     0.0     230       0
    42  4.1775925e-02  7.4438058e-02   3.99e-03     0.0     158       0
    43  4.1455184e-02  6.7126821e-02   3.49e-03    -0.3     209       0
    44  3.9971416e-02  3.4511833e-02   1.98e-03     0.0     207       0
    45  3.9087532e-02  2.8603124e-03   3.53e-04     0.0     179       0
    46  3.8972315e-02  2.9238573e-03   3.59e-04     0.0     178       0
    47  3.8027448e-02  2.7590466e-03   3.53e-04     0.0     173       0
    48  3.8355981e-02  5.0985828e-02   2.70e-03    -0.3     177       0
    49  3.7169586e-02  2.2857336e-03   3.28e-04    -0.3     188       0
    50  3.6977568e-02  2.5167781e-03   3.29e-04     0.0     183       0
    51  3.6745524e-02  2.1733836e-03   3.17e-04     0.0     179       0
    52  3.6073289e-02  1.9793905e-02   1.17e-03     0.0     163       0
    53  3.6459460e-02  3.4290353e-02   1.95e-03    -0.3     176       0
    54  3.5748157e-02  1.2534260e-02   8.11e-04     0.0     171       0
    55  3.5528209e-02  2.0099192e-03   3.02e-04     0.0     166       0
    56  3.5443010e-02  1.8728549e-03   2.92e-04     0.0     166       0
    57  3.4572250e-02  1.1293818e-02   7.72e-04     0.0     162       0
    58  3.4577186e-02  1.9480642e-02   1.14e-03    -0.3     164       0
    59  3.4387825e-02  1.4124280e-02   9.17e-04     0.0     164       0
    60  3.4147572e-02  2.2607136e-03   3.02e-04     0.0     162       0
    61  3.4073555e-02  1.8412108e-03   2.85e-04     0.0     161       0
    62  3.3829998e-02  1.8315119e-03   2.83e-04     0.0     161       0
    63  1.4474546e-02  2.6156236e-02   1.33e-03     0.0      74       0
    64  2.1004751e-02  8.3641753e-02   4.32e-03    -0.3      98       0
    65  1.7615283e-02  5.7549231e-02   2.88e-03     0.0     154       0
    66  1.4230332e-02  1.8464063e-02   1.01e-03     0.0     101       0
    67  1.3618753e-02  2.1624070e-03   1.74e-04     0.0     104       0
    68  1.3518321e-02  2.1112496e-03   1.72e-04     0.0     110       0
    69  1.2402715e-02  3.9611891e-03   2.55e-04     0.0     139       0
    70  1.2681267e-02  1.6487779e-02   9.05e-04    -0.3     142       0
    71  1.2651445e-02  1.6031029e-02   8.47e-04     0.0     131       0
    72  1.2203763e-02  1.9916558e-03   1.66e-04     0.0     133       0
    73  1.2154925e-02  1.3100078e-03   1.28e-04     0.0     133       0
    74  1.2104820e-02  1.2991391e-03   1.27e-04     0.0     132       0
    75  1.0745256e-02  2.3719439e-02   1.27e-03     0.0     113       0
    76  1.0808949e-02  2.3188784e-02   1.20e-03    -0.3     123       0
    77  1.0612380e-02  1.9402489e-02   1.05e-03     0.0     114       0
    78  9.8046759e-03  1.5893617e-03   1.39e-04     0.0     114       0
    79  9.7595254e-03  6.0325629e-04   9.24e-05     0.0     114       0
    80  9.7081081e-03  5.9744782e-04   9.17e-05     0.0     114       0
    81  8.5549837e-03  1.5062846e-03   1.26e-04     0.0     127       0
    82  9.0968482e-03  1.9268659e-02   9.92e-04    -0.3     130       0
    83  9.4012279e-03  2.1407748e-02   1.14e-03    -0.3     121       0
    84  8.3811110e-03  3.4430700e-03   2.18e-04     0.0     120       0
    85  8.3091019e-03  6.5385641e-04   8.25e-05     0.0     120       0
    86  8.2795085e-03  6.5741221e-04   8.23e-05     0.0     121       0
    87  7.9286725e-03  1.3562745e-02   7.37e-04     0.0     116       0
    88  8.0567057e-03  1.4696203e-02   7.66e-04    -0.3     122       0
    89  7.8089507e-03  1.0110031e-02   5.63e-04     0.0     117       0
    90  7.4903842e-03  5.6111108e-04   7.36e-05     0.0     118       0
    91  7.4691825e-03  4.9940401e-04   7.13e-05     0.0     118       0
    92  7.4061582e-03  4.8743130e-04   7.06e-05     0.0     118       0
    93  7.2271387e-03  1.4433794e-02   7.46e-04     0.0     117       0
    94  6.7414935e-03  7.1274446e-04   7.82e-05    -0.3     116       0
    95  6.6748786e-03  6.7024952e-04   7.27e-05     0.0     116       0
    96  6.6324335e-03  6.4458942e-04   7.36e-05     0.0     115       0
    97  6.6131531e-03  2.7975836e-03   1.76e-04     0.0     116       0
    98  6.6005908e-03  3.2324052e-03   2.05e-04     0.0     117       0
    99  6.5478974e-03  6.0543712e-04   6.89e-05     0.0     115       0
   100  6.5319722e-03  4.8796133e-04   6.41e-05     0.0     117       0

 ERROR EXIT -- Too many iterations

 Products with A     :     141        Total time   (secs) :     0.6
 Products with A'    :     101        Project time (secs) :     0.1
 Newton iterations   :       0        Mat-vec time (secs) :     0.3
 Line search its     :      88        Subspace iterations :       0

