
 ==================================================================================
 SPGL1_SLIM v. 46  (Tue, 14 Jun 2011) based on v.1017
 ==================================================================================
 No. rows              :      500      No. columns           :      512
 Initial tau           : 2.00e+01      Two-norm of b         : 2.12e-01
 Optimality tol        : 1.00e-04      Target one-norm of x  : 2.00e+01
 Basis pursuit tol     : 1.00e-06      Maximum iterations    :      100

  Iter      Objective   Relative Gap      gNorm   stepG    nnzX    nnzG
     0  2.1242558e-01  9.7163039e-02   4.86e-03     0.0       0       0
     1  1.9808526e-01  5.5446147e-01   2.74e-02    -0.3     151       0
     2  1.6469337e-01  1.2700967e-01   6.67e-03    -0.3     415       0
     3  1.5973979e-01  4.8788478e-02   2.79e-03     0.0     433       0
     4  1.5561437e-01  4.6482288e-02   2.68e-03     0.0     466       0
     5  1.0958509e-01  9.8820282e-02   5.08e-03     0.0     439       0
     6  1.5100642e-01  5.5913124e-01   2.77e-02    -0.3     472       0
     7  1.1397882e-01  2.4395268e-01   1.23e-02     0.0     496       0
     8  1.0158631e-01  1.7825909e-02   1.18e-03     0.0     490       0
     9  1.0081903e-01  1.7567723e-02   1.17e-03     0.0     490       0
    10  8.1356586e-02  1.4966089e-02   1.13e-03     0.0     334       0
    11  7.9564357e-02  8.6316064e-02   4.68e-03    -0.3     361       0
    12  8.9163082e-02  2.2197321e-01   1.13e-02    -0.3     404       0
    13  7.6430066e-02  2.6379910e-02   1.68e-03     0.0     418       0
    14  7.5831317e-02  9.5627377e-03   8.31e-04     0.0     399       0
    15  7.5435214e-02  9.2993400e-03   8.15e-04     0.0     382       0
    16  6.4967601e-02  1.9182548e-02   1.18e-03     0.0     254       0
    17  6.7517645e-02  1.2014553e-01   6.22e-03    -0.3     303       0
    18  6.5613350e-02  9.5483879e-02   5.03e-03    -0.3     363       0
    19  6.2218162e-02  5.7718310e-03   5.50e-04     0.0     336       0
    20  6.2015655e-02  5.9750909e-03   5.61e-04     0.0     327       0
    21  6.0341851e-02  5.9123541e-03   5.62e-04     0.0     293       0
    22  6.1231558e-02  1.2994855e-01   6.71e-03    -0.3     243       0
    23  5.9881204e-02  1.0427775e-01   5.49e-03    -0.3     315       0
    24  5.5978501e-02  3.4941348e-02   2.01e-03     0.0     343       0
    25  5.5045198e-02  4.0396800e-03   4.76e-04     0.0     309       0
    26  5.4835446e-02  3.8575731e-03   4.64e-04     0.0     305       0
    27  5.1794838e-02  7.6809625e-03   6.29e-04     0.0     238       0
    28  5.3256200e-02  7.9840268e-02   4.21e-03    -0.3     246       0
    29  5.4733800e-02  1.0012719e-01   5.25e-03    -0.3     312       0
    30  5.0484243e-02  1.0433323e-02   7.65e-04     0.0     272       0
    31  5.0210875e-02  3.5505123e-03   4.22e-04     0.0     263       0
    32  5.0023871e-02  3.5803289e-03   4.22e-04     0.0     260       0
    33  4.4252142e-02  5.1841644e-02   2.80e-03     0.0     194       0
    34  4.5520278e-02  6.5534768e-02   3.47e-03    -0.3     221       0
    35  4.4474509e-02  5.0184637e-02   2.73e-03     0.0     255       0
    36  4.2955199e-02  3.1823580e-03   3.74e-04     0.0     224       0
    37  4.2839634e-02  2.8623505e-03   3.57e-04     0.0     222       0
    38  4.2347982e-02  2.8310511e-03   3.52e-04     0.0     204       0
    39  3.0013123e-02  5.1195652e-03   3.87e-04     0.0     149       0
    40  4.1864474e-02  1.5370338e-01   7.82e-03    -0.3     167       0
    41  2.9172663e-02  3.1054401e-03   3.21e-04    -0.3     255       0
    42  2.8866982e-02  2.2062468e-03   2.74e-04     0.0     249       0
    43  2.8360131e-02  1.9695690e-03   2.56e-04     0.0     233       0
    44  2.6974685e-02  1.3668512e-02   8.23e-04     0.0     182       0
    45  2.8494473e-02  4.6599751e-02   2.46e-03    -0.3     206       0
    46  2.7371208e-02  2.7832805e-02   1.54e-03     0.0     211       0
    47  2.6582717e-02  1.9102557e-03   2.36e-04     0.0     186       0
    48  2.6520073e-02  2.0012594e-03   2.41e-04     0.0     186       0
    49  2.6172523e-02  2.0535007e-03   2.41e-04     0.0     182       0
    50  2.6038182e-02  4.6541840e-02   2.44e-03    -0.3     166       0
    51  2.4481297e-02  1.2798235e-02   7.76e-04    -0.3     191       0
    52  2.4191789e-02  6.1801939e-03   4.40e-04     0.0     175       0
    53  2.4051375e-02  1.8161327e-03   2.22e-04     0.0     183       0
    54  2.3986878e-02  1.6763171e-03   2.14e-04     0.0     178       0
    55  2.3798230e-02  1.8364750e-03   2.21e-04     0.0     175       0
    56  2.3729877e-02  2.1388109e-02   1.19e-03    -0.3     165       0
    57  2.3260295e-02  1.9157522e-03   2.22e-04    -0.3     167       0
    58  2.3167821e-02  1.6719670e-03   2.08e-04     0.0     167       0
    59  2.3075633e-02  1.8105934e-03   2.15e-04     0.0     168       0
    60  2.2758524e-02  3.9575555e-03   3.19e-04     0.0     164       0
    61  2.2983070e-02  2.0277420e-02   1.14e-03    -0.3     167       0
    62  2.2961854e-02  1.8093424e-02   1.02e-03     0.0     172       0
    63  2.2509309e-02  2.9455908e-03   2.70e-04     0.0     165       0
    64  2.2445655e-02  1.7328949e-03   2.08e-04     0.0     164       0
    65  2.2380975e-02  1.7513338e-03   2.08e-04     0.0     164       0
    66  1.8557238e-02  1.3174950e-02   7.54e-04     0.0     148       0
    67  1.9091781e-02  2.4577628e-02   1.33e-03    -0.3     153       0
    68  1.9082296e-02  2.2358473e-02   1.22e-03     0.0     159       0
    69  1.8333686e-02  3.8956654e-03   2.97e-04     0.0     151       0
    70  1.8262439e-02  1.4264597e-03   1.73e-04     0.0     150       0
    71  1.8207760e-02  1.4238100e-03   1.72e-04     0.0     150       0
    72  1.4979257e-02  1.4935402e-02   8.28e-04     0.0     139       0
    73  1.5206482e-02  1.7307746e-02   9.45e-04    -0.3     147       0
    74  1.5115525e-02  1.5855901e-02   8.78e-04     0.0     140       0
    75  1.4643309e-02  1.8747359e-03   1.76e-04     0.0     142       0
    76  1.4591868e-02  1.2379217e-03   1.44e-04     0.0     142       0
    77  1.4542021e-02  1.1959685e-03   1.41e-04     0.0     143       0
    78  1.3221265e-02  3.2767909e-03   2.32e-04     0.0     140       0
    79  1.4441113e-02  3.3667553e-02   1.76e-03    -0.3     154       0
    80  1.3481595e-02  1.9066528e-02   1.02e-03    -0.3     164       0
    81  1.2709576e-02  2.1142300e-03   1.80e-04     0.0     147       0
    82  1.2647103e-02  1.0625910e-03   1.27e-04     0.0     149       0
    83  1.2551059e-02  1.0702590e-03   1.26e-04     0.0     150       0
    84  1.2091858e-02  1.3604803e-02   7.45e-04     0.0     150       0
    85  1.1894886e-02  8.1677574e-03   4.78e-04    -0.3     149       0
    86  1.1733335e-02  4.5232716e-03   2.93e-04     0.0     151       0
    87  1.1635669e-02  9.0623438e-04   1.13e-04     0.0     152       0
    88  1.1608837e-02  9.3196020e-04   1.14e-04     0.0     150       0
    89  1.1459171e-02  8.8038088e-04   1.10e-04     0.0     146       0
    90  1.1368712e-02  5.0479334e-03   3.16e-04    -0.3     147       0
    91  1.1285948e-02  8.9912881e-04   1.10e-04    -0.3     150       0
    92  1.1251674e-02  8.1036840e-04   1.05e-04     0.0     150       0
    93  1.1204358e-02  8.8628038e-04   1.09e-04     0.0     150       0
    94  1.1129826e-02  7.2837883e-03   4.26e-04     0.0     148       0
    95  1.0997324e-02  9.0218352e-04   1.08e-04    -0.3     144       0
    96  1.0957851e-02  7.8978374e-04   1.02e-04     0.0     146       0
    97  1.0920722e-02  8.6374548e-04   1.06e-04     0.0     144       0
    98  1.0816681e-02  1.7305259e-03   1.48e-04     0.0     145       0
    99  1.0777018e-02  1.3842095e-03   1.31e-04    -0.3     143       0
   100  1.0740021e-02  7.5440874e-04   9.88e-05     0.0     144       0

 ERROR EXIT -- Too many iterations

 Products with A     :     152        Total time   (secs) :     0.4
 Products with A'    :     101        Project time (secs) :     0.1
 Newton iterations   :       0        Mat-vec time (secs) :     0.2
 Line search its     :      86        Subspace iterations :       0

