
 ==================================================================================
 SPGL1_SLIM v. 46  (Tue, 14 Jun 2011) based on v.1017
 ==================================================================================
 No. rows              :      200      No. columns           :      512
 Initial tau           : 2.00e+01      Two-norm of b         : 1.56e-01
 Optimality tol        : 1.00e-04      Target one-norm of x  : 2.00e+01
 Basis pursuit tol     : 1.00e-06      Maximum iterations    :      600

  Iter      Objective   Relative Gap      gNorm   stepG    nnzX    nnzG
     0  1.5600644e-01  1.2322352e-01   6.16e-03     0.0       0       0
     1  1.4232580e-01  1.0033033e-01   4.93e-03    -0.3     139       0
     2  1.3441668e-01  8.0952291e-02   4.18e-03     0.0     445       0
     3  1.2510972e-01  6.1226332e-02   3.13e-03     0.0     458       0
     4  1.1953570e-01  3.7452030e-02   2.04e-03     0.0     472       0
     5  1.1281426e-01  3.6633013e-02   1.98e-03     0.0     482       0
     6  1.0601289e-01  9.2710798e-02   4.83e-03     0.0     500       0
     7  9.1627180e-02  2.4293151e-02   1.39e-03    -0.3     501       0
     8  8.9879711e-02  1.6594959e-02   1.02e-03     0.0     499       0
     9  8.3646944e-02  1.4630941e-02   9.13e-04     0.0     504       0
    10  6.8611105e-02  6.8201079e-02   3.45e-03     0.0     503       0
    11  7.3220270e-02  9.5349537e-02   4.60e-03    -0.3     503       0
    12  5.7789316e-02  1.4804166e-02   8.11e-04     0.0     498       0
    13  5.6832794e-02  9.9548366e-03   5.52e-04     0.0     499       0
    14  5.6343815e-02  9.8477639e-03   5.50e-04     0.0     496       0
    15  4.9507853e-02  1.0211146e-02   6.71e-04     0.0     460       0
    16  4.8024327e-02  2.1971630e-02   1.21e-03    -0.3     464       0
    17  4.9798435e-02  3.5427952e-02   1.94e-03    -0.3     481       0
    18  4.5979344e-02  6.0309958e-03   4.33e-04     0.0     470       0
    19  4.5717899e-02  5.5038762e-03   4.11e-04     0.0     470       0
    20  4.5229255e-02  4.9968835e-03   3.82e-04     0.0     463       0
    21  4.2091989e-02  5.9441549e-03   3.88e-04     0.0     411       0
    22  4.3236893e-02  2.9710254e-02   1.54e-03    -0.3     413       0
    23  4.0444533e-02  5.6670511e-03   3.97e-04    -0.3     431       0
    24  4.0270090e-02  4.4268075e-03   3.29e-04     0.0     427       0
    25  4.0128326e-02  4.4201088e-03   3.28e-04     0.0     424       0
    26  3.8727791e-02  2.7648582e-02   1.48e-03     0.0     317       0
    27  3.5258295e-02  9.7719809e-03   5.55e-04    -0.3     365       0
    28  3.4736137e-02  5.1467288e-03   3.41e-04     0.0     356       0
    29  3.4548744e-02  3.1825388e-03   2.38e-04     0.0     358       0
    30  3.4359176e-02  3.8594198e-03   2.76e-04     0.0     359       0
    31  3.4092333e-02  6.7779856e-03   4.14e-04     0.0     353       0
    32  3.4456665e-02  9.9003595e-03   5.96e-04    -0.3     347       0
    33  3.3739301e-02  2.6589539e-03   2.16e-04     0.0     344       0
    34  3.3681648e-02  3.1281750e-03   2.42e-04     0.0     344       0
    35  3.3559282e-02  3.1020752e-03   2.41e-04     0.0     342       0
    36  3.3620200e-02  2.0090389e-02   1.06e-03     0.0     292       0
    37  3.1885028e-02  4.2548697e-03   3.13e-04    -0.3     329       0
    38  3.1518930e-02  3.2822533e-03   2.55e-04     0.0     322       0
    39  3.1283699e-02  2.8435984e-03   2.34e-04     0.0     323       0
    40  3.0737167e-02  4.2729613e-03   2.93e-04     0.0     319       0
    41  3.0607214e-02  2.6581580e-03   2.21e-04    -0.3     318       0
    42  3.0540936e-02  2.0540361e-03   1.87e-04     0.0     316       0
    43  3.0465025e-02  2.3401711e-03   2.03e-04     0.0     313       0
    44  3.0218079e-02  3.8694174e-03   2.69e-04     0.0     301       0
    45  3.0190188e-02  3.5492308e-03   2.65e-04    -0.3     302       0
    46  3.0071222e-02  1.9572328e-03   1.77e-04     0.0     300       0
    47  3.0033340e-02  2.2164919e-03   1.92e-04     0.0     299       0
    48  2.9974234e-02  2.1482919e-03   1.88e-04     0.0     295       0
    49  2.9166867e-02  1.6737046e-02   9.18e-04     0.0     231       0
    50  2.9103554e-02  1.9588908e-02   1.02e-03    -0.3     291       0
    51  2.8006456e-02  8.6908211e-03   5.17e-04     0.0     275       0
    52  2.7296414e-02  1.9104459e-03   1.63e-04     0.0     269       0
    53  2.7241872e-02  1.8857259e-03   1.62e-04     0.0     269       0
    54  2.6791986e-02  2.2636130e-03   1.85e-04     0.0     262       0
    55  2.6832389e-02  5.3575575e-03   3.30e-04    -0.3     261       0
    56  2.6998862e-02  5.9879867e-03   3.79e-04     0.0     260       0
    57  2.6650973e-02  1.7083536e-03   1.53e-04     0.0     255       0
    58  2.6621588e-02  1.7152488e-03   1.55e-04     0.0     256       0
    59  2.6580952e-02  1.7563129e-03   1.57e-04     0.0     256       0
    60  2.5577554e-02  1.1599779e-02   6.33e-04     0.0     217       0
    61  2.5124501e-02  4.6040365e-03   3.11e-04    -0.3     241       0
    62  2.4882406e-02  2.9438874e-03   2.15e-04     0.0     225       0
    63  2.4793570e-02  1.8566548e-03   1.64e-04     0.0     230       0
    64  2.4743601e-02  1.8533321e-03   1.63e-04     0.0     230       0
    65  2.4484445e-02  2.8905004e-03   2.16e-04     0.0     236       0
    66  2.4416333e-02  1.3378107e-03   1.32e-04    -0.3     236       0
    67  2.4384083e-02  1.4814276e-03   1.41e-04     0.0     234       0
    68  2.4355487e-02  1.2315156e-03   1.27e-04     0.0     232       0
    69  2.4269903e-02  1.7248450e-03   1.53e-04     0.0     228       0
    70  2.4239900e-02  1.3272680e-03   1.29e-04    -0.3     226       0
    71  2.4212297e-02  1.7622064e-03   1.55e-04     0.0     227       0
    72  2.4182925e-02  1.1242753e-03   1.19e-04     0.0     224       0
    73  2.4158578e-02  1.4402381e-03   1.37e-04     0.0     224       0
    74  2.4128906e-02  1.1813289e-03   1.23e-04     0.0     222       0
    75  2.4075209e-02  2.3721202e-03   1.86e-04     0.0     222       0
    76  2.4017881e-02  1.1699654e-03   1.21e-04    -0.3     220       0
    77  2.3997350e-02  1.4394754e-03   1.36e-04     0.0     220       0
    78  2.3964917e-02  1.2125047e-03   1.23e-04     0.0     220       0
    79  2.3908693e-02  3.0246526e-03   2.19e-04     0.0     218       0
    80  2.3813916e-02  1.1270703e-03   1.18e-04    -0.3     218       0
    81  2.3788469e-02  1.4796785e-03   1.37e-04     0.0     218       0
    82  2.3764980e-02  1.2774372e-03   1.26e-04     0.0     216       0
    83  2.3672611e-02  1.6270487e-03   1.45e-04     0.0     213       0
    84  2.3737576e-02  4.8713825e-03   2.99e-04    -0.3     212       0
    85  2.3645528e-02  2.0161066e-03   1.67e-04    -0.3     213       0
    86  2.3579297e-02  1.1322340e-03   1.18e-04     0.0     212       0
    87  2.3564167e-02  1.2218102e-03   1.23e-04     0.0     212       0
    88  2.3527730e-02  1.2535702e-03   1.25e-04     0.0     211       0
    89  2.2339748e-02  1.4750571e-02   8.06e-04     0.0     185       0
    90  2.1687880e-02  1.1705505e-02   6.26e-04    -0.3     225       0
    91  2.2154338e-02  1.2366165e-02   6.91e-04     0.0     217       0
    92  2.0754739e-02  1.0042719e-03   1.05e-04     0.0     211       0
    93  2.0722141e-02  9.4744816e-04   1.02e-04     0.0     211       0
    94  2.0601664e-02  1.1611701e-03   1.13e-04     0.0     208       0
    95  2.0574645e-02  1.8763831e-03   1.45e-04    -0.3     205       0
    96  2.0670467e-02  3.8723209e-03   2.53e-04     0.0     206       0
    97  2.0525905e-02  1.6163328e-03   1.33e-04     0.0     205       0
    98  2.0491840e-02  9.7257275e-04   1.02e-04     0.0     206       0
    99  2.0478051e-02  9.1792480e-04   9.93e-05     0.0     205       0
   100  2.0260107e-02  1.1349542e-03   1.07e-04     0.0     197       0
   101  2.0379489e-02  3.9564928e-03   2.57e-04    -0.3     197       0
   102  2.0421308e-02  5.2322102e-03   3.07e-04     0.0     200       0
   103  2.0231685e-02  1.2232396e-03   1.16e-04     0.0     198       0
   104  2.0198192e-02  7.4615443e-04   8.97e-05     0.0     197       0
   105  2.0186373e-02  7.6170305e-04   9.04e-05     0.0     197       0
   106  1.9537712e-02  1.3833495e-03   1.21e-04     0.0     187       0
   107  1.9964342e-02  8.2761035e-03   4.52e-04    -0.3     196       0
   108  2.0151496e-02  7.7790307e-03   4.52e-04     0.0     201       0
   109  1.9541059e-02  1.5007827e-03   1.24e-04     0.0     188       0
   110  1.9501782e-02  6.6038378e-04   8.38e-05     0.0     187       0
   111  1.9484922e-02  6.3910680e-04   8.24e-05     0.0     187       0
   112  1.9483925e-02  7.0317230e-03   4.09e-04     0.0     183       0
   113  1.9081657e-02  1.6447853e-03   1.29e-04    -0.3     189       0
   114  1.9027082e-02  1.0317998e-03   1.01e-04     0.0     184       0
   115  1.9007267e-02  7.8108163e-04   8.77e-05     0.0     185       0
   116  1.8984630e-02  8.5157361e-04   9.14e-05     0.0     185       0
   117  1.8964983e-02  1.3417127e-03   1.14e-04    -0.3     185       0
   118  1.8983935e-02  1.9521953e-03   1.49e-04    -0.3     183       0
   119  1.8930592e-02  7.1311091e-04   8.35e-05     0.0     185       0
   120  1.8920980e-02  7.3658220e-04   8.52e-05     0.0     185       0
   121  1.8906480e-02  6.9939778e-04   8.32e-05     0.0     185       0
   122  1.8394952e-02  5.4936612e-03   3.16e-04     0.0     180       0
   123  1.8710514e-02  6.8284301e-03   4.03e-04    -0.3     197       0
   124  1.8411354e-02  4.8885444e-03   2.88e-04     0.0     180       0
   125  1.8179234e-02  6.4982116e-04   8.30e-05     0.0     180       0
   126  1.8163217e-02  6.6955880e-04   8.33e-05     0.0     180       0
   127  1.8084569e-02  5.7009045e-04   7.68e-05     0.0     180       0
   128  1.8013785e-02  4.6197317e-03   2.80e-04     0.0     177       0
   129  1.7845817e-02  2.9858784e-03   1.89e-04    -0.3     178       0
   130  1.7777316e-02  1.1288292e-03   1.01e-04     0.0     177       0
   131  1.7751862e-02  7.3863568e-04   7.98e-05     0.0     177       0
   132  1.7739081e-02  7.6754770e-04   8.15e-05     0.0     177       0
   133  1.7703014e-02  3.8315985e-03   2.33e-04     0.0     181       0
   134  1.7598855e-02  8.3027449e-04   9.04e-05    -0.3     180       0
   135  1.7570473e-02  6.6987196e-04   7.98e-05     0.0     182       0
   136  1.7557351e-02  5.2756103e-04   7.31e-05     0.0     181       0
   137  1.7529970e-02  5.0723688e-04   7.20e-05     0.0     180       0
   138  1.7428256e-02  2.5470488e-03   1.68e-04     0.0     175       0
   139  1.7473990e-02  2.5025092e-03   1.74e-04    -0.3     175       0
   140  1.7391580e-02  1.2950304e-03   1.07e-04     0.0     174       0
   141  1.7367476e-02  5.3419141e-04   7.10e-05     0.0     174       0
   142  1.7360578e-02  5.2003147e-04   7.01e-05     0.0     174       0
   143  1.7271060e-02  2.4362379e-03   1.71e-04     0.0     175       0
   144  1.7326445e-02  3.5251264e-03   2.16e-04    -0.3     177       0
   145  1.7230451e-02  1.2831248e-03   1.12e-04     0.0     175       0
   146  1.7192980e-02  4.4633886e-04   6.72e-05     0.0     175       0
   147  1.7185077e-02  4.8127348e-04   6.90e-05     0.0     175       0
   148  1.7096875e-02  4.5706733e-04   6.68e-05     0.0     175       0
   149  1.6957971e-02  4.1449635e-03   2.57e-04    -0.3     174       0
   150  1.7068614e-02  5.3946095e-03   3.06e-04    -0.3     181       0
   151  1.6864699e-02  2.2629185e-03   1.62e-04     0.0     174       0
   152  1.6773489e-02  4.2271270e-04   6.51e-05     0.0     175       0
   153  1.6761741e-02  4.4369053e-04   6.62e-05     0.0     175       0
   154  1.6698493e-02  4.5615188e-04   6.58e-05     0.0     173       0
   155  1.6660926e-02  2.0100464e-03   1.47e-04    -0.3     172       0
   156  1.6620143e-02  8.1383205e-04   8.25e-05    -0.3     174       0
   157  1.6600504e-02  5.6813533e-04   7.21e-05     0.0     173       0
   158  1.6593984e-02  4.4255068e-04   6.52e-05     0.0     174       0
   159  1.6584199e-02  4.5899891e-04   6.60e-05     0.0     174       0
   160  1.6517073e-02  2.9857922e-03   1.87e-04    -0.3     172       0
   161  1.6567130e-02  2.8115494e-03   1.88e-04    -0.3     171       0
   162  1.6465439e-02  1.3789902e-03   1.10e-04     0.0     174       0
   163  1.6435779e-02  4.0134557e-04   6.28e-05     0.0     172       0
   164  1.6428197e-02  4.3148932e-04   6.40e-05     0.0     172       0
   165  1.6394927e-02  1.4868894e-03   1.19e-04     0.0     169       0
   166  1.6380465e-02  1.2614544e-03   1.04e-04    -0.3     170       0
   167  1.6356913e-02  5.7726181e-04   7.19e-05     0.0     170       0
   168  1.6348932e-02  4.0943963e-04   6.27e-05     0.0     170       0
   169  1.6343039e-02  4.1431472e-04   6.29e-05     0.0     170       0
   170  1.5027009e-02  9.7067811e-03   5.06e-04     0.0     142       0
   171  1.4996918e-02  7.3462413e-03   4.18e-04    -0.3     167       0
   172  1.6001388e-02  1.3362431e-02   6.87e-04     0.0     153       0
   173  1.4329645e-02  1.2000241e-03   1.02e-04     0.0     163       0
   174  1.4279790e-02  5.0265071e-04   6.42e-05     0.0     152       0
   175  1.4258148e-02  4.5245576e-04   6.13e-05     0.0     152       0
   176  1.4016848e-02  7.6429797e-04   7.29e-05     0.0     157       0
   177  1.4192671e-02  4.6431077e-03   2.60e-04    -0.3     156       0
   178  1.4177702e-02  3.1293276e-03   1.97e-04     0.0     156       0
   179  1.4012894e-02  9.5014717e-04   8.10e-05     0.0     156       0
   180  1.3992442e-02  3.7391871e-04   5.35e-05     0.0     156       0
   181  1.3984334e-02  3.8434336e-04   5.39e-05     0.0     156       0
   182  1.3870244e-02  1.9063738e-03   1.35e-04    -0.3     152       0
   183  1.3871885e-02  2.0083975e-03   1.34e-04    -0.3     152       0
   184  1.3822950e-02  1.0019799e-03   8.84e-05     0.0     153       0
   185  1.3801410e-02  2.9469973e-04   5.12e-05     0.0     153       0
   186  1.3796011e-02  3.1342935e-04   5.22e-05     0.0     153       0
   187  1.3747582e-02  1.0304476e-03   8.53e-05     0.0     152       0
   188  1.3766155e-02  1.3218208e-03   1.04e-04    -0.3     152       0
   189  1.3738020e-02  7.1678891e-04   7.02e-05     0.0     154       0
   190  1.3724471e-02  2.8535399e-04   4.98e-05     0.0     154       0
   191  1.3720538e-02  3.0839784e-04   5.08e-05     0.0     154       0
   192  1.3699893e-02  3.1796891e-04   5.14e-05     0.0     152       0
   193  1.3700609e-02  2.0386102e-03   1.34e-04    -0.3     152       0
   194  1.3662122e-02  3.0941302e-04   5.13e-05    -0.3     152       0
   195  1.3653367e-02  4.7537832e-04   5.86e-05     0.0     152       0
   196  1.3646526e-02  3.1103874e-04   5.08e-05     0.0     152       0
   197  1.3631755e-02  3.3481082e-04   5.18e-05     0.0     152       0
   198  1.3586517e-02  3.4103894e-03   2.11e-04    -0.3     152       0
   199  1.3549847e-02  2.9268373e-03   1.78e-04    -0.3     153       0
   200  1.3465108e-02  1.3481343e-03   1.05e-04     0.0     152       0
   201  1.3418802e-02  2.6491874e-04   4.84e-05     0.0     152       0
   202  1.3411241e-02  2.7395568e-04   4.89e-05     0.0     152       0
   203  1.3379403e-02  4.8523662e-04   5.84e-05     0.0     152       0
   204  1.3383732e-02  1.0315234e-03   8.81e-05    -0.3     152       0
   205  1.3398266e-02  1.6651841e-03   1.16e-04     0.0     153       0
   206  1.3367720e-02  6.1231585e-04   6.64e-05     0.0     152       0
   207  1.3356363e-02  3.1215922e-04   5.03e-05     0.0     152       0
   208  1.3352439e-02  2.8801184e-04   4.91e-05     0.0     152       0
   209  1.3243879e-02  8.4084166e-04   7.79e-05     0.0     151       0
   210  1.3253543e-02  1.3895240e-03   1.02e-04    -0.3     151       0
   211  1.3238521e-02  7.7620389e-04   7.48e-05     0.0     151       0
   212  1.3222586e-02  3.7349996e-04   5.30e-05     0.0     151       0
   213  1.3218598e-02  2.7659773e-04   4.84e-05     0.0     151       0
   214  1.3209469e-02  2.8480902e-04   4.87e-05     0.0     151       0
   215  1.1722297e-02  2.5257510e-03   1.58e-04    -0.3     135       0
   216  1.3187088e-02  1.1855621e-02   6.07e-04    -0.3     160       0
   217  1.2465461e-02  6.3193378e-03   3.59e-04    -0.3     149       0
   218  1.1778052e-02  8.9487522e-04   7.61e-05     0.0     147       0
   219  1.1734888e-02  3.0229885e-04   4.73e-05     0.0     147       0
   220  1.1692860e-02  4.0272312e-04   5.13e-05     0.0     146       0
   221  1.1686988e-02  1.6490347e-03   1.16e-04    -0.3     143       0
   222  1.1625536e-02  2.9586568e-04   4.57e-05    -0.3     143       0
   223  1.1617022e-02  2.4915841e-04   4.35e-05     0.0     144       0
   224  1.1590254e-02  9.8626887e-04   7.84e-05     0.0     147       0
   225  1.1577004e-02  2.5071309e-04   4.34e-05    -0.3     145       0
   226  1.1571410e-02  2.9081764e-04   4.49e-05     0.0     146       0
   227  1.1564452e-02  2.3001620e-04   4.21e-05     0.0     146       0
   228  1.1537283e-02  5.8694862e-04   5.89e-05     0.0     144       0
   229  1.1535617e-02  5.7832070e-04   6.05e-05    -0.3     143       0
   230  1.1526093e-02  3.7279441e-04   4.86e-05     0.0     144       0
   231  1.1520380e-02  2.0658888e-04   4.09e-05     0.0     144       0
   232  1.1516745e-02  2.1705859e-04   4.13e-05     0.0     144       0
   233  1.1424262e-02  3.9440132e-04   4.98e-05     0.0     140       0
   234  1.1464901e-02  1.6829970e-03   1.18e-04    -0.3     141       0
   235  1.1440691e-02  1.2414687e-03   9.09e-05    -0.3     139       0
   236  1.1410118e-02  5.0509010e-04   5.67e-05     0.0     139       0
   237  1.1400386e-02  1.8831916e-04   4.00e-05     0.0     139       0
   238  1.1396607e-02  1.8326895e-04   3.97e-05     0.0     139       0
   239  1.1345674e-02  1.9253281e-03   1.23e-04    -0.3     138       0
   240  1.1319998e-02  6.4682748e-04   6.39e-05    -0.3     139       0
   241  1.1300642e-02  4.9739771e-04   5.42e-05     0.0     139       0
   242  1.1293247e-02  2.3553703e-04   4.18e-05     0.0     139       0
   243  1.1289917e-02  2.4230928e-04   4.20e-05     0.0     139       0
   244  1.1249237e-02  1.3359778e-03   9.91e-05    -0.3     138       0
   245  1.1228837e-02  8.5667148e-04   7.15e-05    -0.3     139       0
   246  1.1209269e-02  4.6662851e-04   5.40e-05     0.0     139       0
   247  1.1201171e-02  1.9410185e-04   3.96e-05     0.0     139       0
   248  1.1197978e-02  1.8338647e-04   3.90e-05     0.0     139       0
   249  1.1088191e-02  3.2812050e-03   1.88e-04     0.0     136       0
   250  1.1047430e-02  1.4739597e-03   1.06e-04    -0.3     137       0
   251  1.1001112e-02  1.4517012e-03   9.98e-05     0.0     136       0
   252  1.0967377e-02  2.2662726e-04   4.06e-05     0.0     137       0
   253  1.0962143e-02  2.9728820e-04   4.38e-05     0.0     137       0
   254  1.0942772e-02  1.9138039e-04   3.87e-05     0.0     138       0
   255  1.0941911e-02  1.5836049e-03   1.06e-04    -0.3     137       0
   256  1.0913570e-02  1.9279831e-04   3.89e-05    -0.3     138       0
   257  1.0907105e-02  3.5050268e-04   4.61e-05     0.0     138       0
   258  1.0901799e-02  2.0586147e-04   3.92e-05     0.0     138       0
   259  1.0892176e-02  2.6737036e-04   4.20e-05     0.0     138       0
   260  1.0880020e-02  7.2339101e-04   6.63e-05    -0.3     138       0
   261  1.0867819e-02  2.9365326e-04   4.33e-05    -0.3     138       0
   262  1.0863363e-02  2.0290585e-04   3.92e-05     0.0     138       0
   263  1.0859382e-02  2.1695242e-04   3.96e-05     0.0     138       0
   264  1.0843698e-02  2.4443602e-04   4.13e-05     0.0     138       0
   265  1.0854678e-02  1.5249441e-03   1.03e-04    -0.3     138       0
   266  1.0826577e-02  2.2339401e-04   4.00e-05    -0.3     138       0
   267  1.0821238e-02  3.2630766e-04   4.48e-05     0.0     138       0
   268  1.0812491e-02  3.3606743e-04   4.60e-05     0.0     138       0
   269  1.0820308e-02  1.1218818e-03   8.31e-05     0.0     138       0
   270  1.0821155e-02  7.9589602e-04   7.01e-05     0.0     138       0
   271  1.0801565e-02  4.1429455e-04   4.88e-05     0.0     138       0
   272  1.0795431e-02  1.9997152e-04   3.87e-05     0.0     138       0
   273  1.0792752e-02  2.0261952e-04   3.88e-05     0.0     138       0
   274  9.9233977e-03  7.4526342e-04   6.47e-05     0.0     132       0
   275  1.0582678e-02  7.0893016e-03   3.72e-04    -0.3     144       0
   276  1.0313620e-02  3.9005271e-03   2.30e-04    -0.3     133       0
   277  1.0001756e-02  1.3566979e-03   9.37e-05     0.0     135       0
   278  9.9594010e-03  1.9625966e-04   3.75e-05     0.0     136       0
   279  9.9489796e-03  2.3373843e-04   3.91e-05     0.0     136       0
   280  9.8860540e-03  4.3129020e-04   4.89e-05     0.0     133       0
   281  9.9449997e-03  2.2248723e-03   1.35e-04    -0.3     136       0
   282  9.9402803e-03  1.3445621e-03   9.68e-05     0.0     132       0
   283  9.8839957e-03  5.1677956e-04   5.18e-05     0.0     133       0
   284  9.8733886e-03  1.8903538e-04   3.62e-05     0.0     133       0
   285  9.8692643e-03  2.0161830e-04   3.67e-05     0.0     133       0
   286  9.8004689e-03  1.6097850e-03   1.09e-04     0.0     132       0
   287  9.8539678e-03  2.5182489e-03   1.49e-04    -0.3     132       0
   288  9.7902671e-03  1.1465413e-03   8.61e-05     0.0     132       0
   289  9.7413713e-03  2.1049051e-04   3.67e-05     0.0     132       0
   290  9.7365398e-03  1.6126348e-04   3.44e-05     0.0     132       0
   291  9.7199783e-03  1.8182065e-04   3.51e-05     0.0     132       0
   292  9.5439379e-03  1.7169057e-03   1.14e-04     0.0     131       0
   293  9.5075680e-03  8.4383538e-04   6.67e-05    -0.3     131       0
   294  9.4891647e-03  5.8569894e-04   5.61e-05     0.0     131       0
   295  9.4751059e-03  1.8799964e-04   3.50e-05     0.0     131       0
   296  9.4719069e-03  1.8850065e-04   3.51e-05     0.0     131       0
   297  9.4535318e-03  5.1728932e-04   5.04e-05     0.0     131       0
   298  9.4470726e-03  1.9725173e-04   3.56e-05    -0.3     131       0
   299  9.4433571e-03  2.1301865e-04   3.59e-05     0.0     131       0
   300  9.4397742e-03  1.7572455e-04   3.43e-05     0.0     131       0
   301  9.4314236e-03  3.2020382e-04   4.09e-05     0.0     131       0
   302  9.4398862e-03  7.5628587e-04   6.46e-05    -0.3     131       0
   303  9.4233407e-03  2.1741660e-04   3.60e-05    -0.3     131       0
   304  9.4190810e-03  1.7243182e-04   3.41e-05     0.0     131       0
   305  9.4155430e-03  1.7019156e-04   3.38e-05     0.0     131       0
   306  9.4009978e-03  1.6896754e-04   3.37e-05     0.0     131       0
   307  9.4052884e-03  3.0269559e-03   1.72e-04    -0.3     132       0
   308  9.3258318e-03  8.3209877e-04   6.88e-05    -0.3     132       0
   309  9.2955267e-03  8.3470955e-04   6.56e-05     0.0     132       0
   310  9.2798363e-03  2.0479882e-04   3.52e-05     0.0     132       0
   311  9.2759476e-03  2.3728280e-04   3.67e-05     0.0     132       0
   312  9.2620542e-03  7.8201596e-04   6.54e-05     0.0     132       0
   313  9.2457699e-03  2.2657853e-04   3.59e-05    -0.3     132       0
   314  9.2412903e-03  1.9514342e-04   3.47e-05     0.0     132       0
   315  9.2378589e-03  1.7219124e-04   3.33e-05     0.0     132       0
   316  9.2304727e-03  1.7085290e-04   3.34e-05     0.0     132       0
   317  9.2245116e-03  4.5117360e-04   4.65e-05    -0.3     132       0
   318  9.2266874e-03  5.7973777e-04   5.48e-05    -0.3     132       0
   319  9.2189217e-03  3.6889226e-04   4.25e-05     0.0     132       0
   320  9.2129820e-03  1.6188857e-04   3.29e-05     0.0     132       0
   321  9.2109125e-03  1.6106021e-04   3.27e-05     0.0     132       0
   322  9.2016255e-03  1.6186260e-04   3.27e-05     0.0     132       0
   323  8.7496816e-03  1.1782309e-02   5.86e-04    -0.3     104       0
   324  8.9282890e-03  9.9435773e-03   5.31e-04    -0.3     129       0
   325  8.9772472e-03  1.1032414e-02   5.57e-04    -0.3     138       0
   326  7.0290683e-03  2.3231470e-03   1.41e-04     0.0     121       0
   327  6.8514619e-03  8.2519981e-04   6.20e-05     0.0     120       0
   328  6.7999415e-03  7.6794779e-04   5.89e-05     0.0     120       0
   329  6.5929667e-03  1.3843169e-03   8.61e-05     0.0     132       0
   330  6.5959323e-03  1.0063304e-03   7.12e-05    -0.3     131       0
   331  6.5547126e-03  6.1324010e-04   4.86e-05     0.0     131       0
   332  6.5379300e-03  2.8584296e-04   3.32e-05     0.0     132       0
   333  6.5309950e-03  2.5091452e-04   3.12e-05     0.0     133       0
   334  6.4734894e-03  2.8850028e-04   3.29e-05     0.0     130       0
   335  6.4732042e-03  1.0942105e-03   7.11e-05    -0.3     130       0
   336  6.4599826e-03  4.9279733e-04   4.36e-05    -0.3     128       0
   337  6.4412896e-03  2.5027306e-04   3.00e-05     0.0     128       0
   338  6.4353617e-03  2.0544664e-04   2.81e-05     0.0     128       0
   339  6.4269647e-03  2.0232752e-04   2.78e-05     0.0     128       0
   340  6.3847098e-03  1.7069805e-03   1.06e-04     0.0     122       0
   341  6.3811654e-03  1.7235463e-03   1.01e-04    -0.3     121       0
   342  6.3338904e-03  9.5677767e-04   6.72e-05     0.0     123       0
   343  6.2861997e-03  1.4043382e-04   2.44e-05     0.0     122       0
   344  6.2821245e-03  1.4798735e-04   2.48e-05     0.0     122       0
   345  6.2651539e-03  1.5343036e-04   2.48e-05     0.0     122       0
   346  6.2398150e-03  9.7486660e-04   6.42e-05    -0.3     121       0
   347  6.2329645e-03  4.8448872e-04   4.22e-05    -0.3     122       0
   348  6.2201927e-03  3.1615176e-04   3.22e-05     0.0     122       0
   349  6.2138607e-03  1.6479096e-04   2.52e-05     0.0     122       0
   350  6.2119009e-03  1.6496390e-04   2.52e-05     0.0     122       0
   351  6.1560069e-03  3.9474539e-04   3.71e-05     0.0     118       0
   352  6.1906246e-03  1.2690287e-03   7.83e-05    -0.3     118       0
   353  6.1865838e-03  7.7292613e-04   5.71e-05     0.0     119       0
   354  6.1540300e-03  2.0973077e-04   2.68e-05     0.0     119       0
   355  6.1484168e-03  1.6353923e-04   2.49e-05     0.0     119       0
   356  6.1457331e-03  1.6445757e-04   2.49e-05     0.0     119       0
   357  6.0763109e-03  1.0446576e-03   6.69e-05     0.0     112       0
   358  6.0894446e-03  7.7931421e-04   5.71e-05    -0.3     112       0
   359  6.0679882e-03  6.8359998e-04   4.96e-05     0.0     112       0
   360  6.0513752e-03  1.7539854e-04   2.52e-05     0.0     112       0
   361  6.0488002e-03  1.7339222e-04   2.50e-05     0.0     112       0
   362  6.0430923e-03  1.7539215e-04   2.51e-05     0.0     112       0
   363  6.0228956e-03  7.1317879e-04   5.08e-05     0.0     112       0
   364  6.0132374e-03  2.0234645e-04   2.68e-05    -0.3     112       0
   365  6.0083525e-03  1.6060480e-04   2.40e-05     0.0     112       0
   366  6.0063933e-03  1.6443184e-04   2.44e-05     0.0     112       0
   367  6.0045271e-03  1.6483643e-04   2.44e-05     0.0     112       0
   368  5.9858204e-03  6.9767144e-04   5.25e-05    -0.3     112       0
   369  5.9667902e-03  1.6004654e-04   2.41e-05    -0.3     112       0
   370  5.9616777e-03  1.7596332e-04   2.53e-05     0.0     112       0
   371  5.9591701e-03  1.6637476e-04   2.45e-05     0.0     112       0
   372  5.9558567e-03  1.6827397e-04   2.46e-05     0.0     112       0
   373  5.9472921e-03  5.2345415e-04   4.14e-05    -0.3     112       0
   374  5.9526067e-03  4.8335669e-04   4.13e-05    -0.3     112       0
   375  5.9426153e-03  2.8673698e-04   3.00e-05     0.0     112       0
   376  5.9369106e-03  1.6542711e-04   2.45e-05     0.0     112       0
   377  5.9353394e-03  1.6452780e-04   2.43e-05     0.0     112       0
   378  5.9289821e-03  1.6640008e-04   2.45e-05     0.0     112       0
   379  5.9219229e-03  4.9754353e-04   4.01e-05    -0.3     112       0
   380  5.9197327e-03  3.0622270e-04   3.20e-05    -0.3     112       0
   381  5.9140723e-03  1.5828681e-04   2.37e-05     0.0     112       0
   382  5.9114608e-03  1.6358657e-04   2.42e-05     0.0     112       0
   383  5.9102511e-03  1.6348268e-04   2.42e-05     0.0     112       0
   384  5.8310187e-03  2.1858526e-03   1.28e-04    -0.3     110       0
   385  5.6982962e-03  2.1072053e-04   2.63e-05    -0.3     110       0
   386  5.6869191e-03  4.2658174e-04   3.81e-05     0.0     110       0
   387  5.6777438e-03  1.2651232e-04   2.23e-05     0.0     110       0
   388  5.6740224e-03  1.6713254e-04   2.45e-05     0.0     110       0
   389  5.6662613e-03  1.3409332e-04   2.26e-05     0.0     110       0
   390  5.6357085e-03  1.4818457e-04   2.25e-05     0.0     111       0
   391  5.6412332e-03  4.8492847e-04   4.06e-05    -0.3     111       0
   392  5.6335442e-03  2.6214304e-04   2.81e-05    -0.3     111       0
   393  5.6283181e-03  1.5414441e-04   2.34e-05     0.0     111       0
   394  5.6262767e-03  1.4725324e-04   2.28e-05     0.0     111       0
   395  5.6248369e-03  1.4743311e-04   2.28e-05     0.0     111       0
   396  5.5877913e-03  1.2245595e-03   7.47e-05    -0.3     110       0
   397  5.5658207e-03  3.3663210e-04   3.29e-05    -0.3     110       0
   398  5.5553453e-03  3.2708745e-04   3.11e-05     0.0     111       0
   399  5.5499920e-03  1.3661088e-04   2.20e-05     0.0     111       0
   400  5.5482166e-03  1.3622981e-04   2.20e-05     0.0     111       0
   401  5.5450123e-03  5.1045432e-04   4.17e-05    -0.3     110       0
   402  5.5334865e-03  1.3409524e-04   2.18e-05    -0.3     110       0
   403  5.5304243e-03  1.3995149e-04   2.23e-05     0.0     110       0
   404  5.5281736e-03  1.3682624e-04   2.20e-05     0.0     110       0
   405  5.5246382e-03  1.3979013e-04   2.23e-05     0.0     110       0
   406  5.5233142e-03  4.3061422e-04   3.59e-05    -0.3     111       0
   407  5.5277275e-03  4.2291645e-04   3.71e-05    -0.3     110       0
   408  5.5190505e-03  2.0938979e-04   2.52e-05     0.0     110       0
   409  5.5148943e-03  1.3724518e-04   2.20e-05     0.0     110       0
   410  5.5136163e-03  1.3670494e-04   2.19e-05     0.0     110       0
   411  5.5040741e-03  1.3718100e-04   2.20e-05     0.0     110       0
   412  5.4866654e-03  1.9475516e-03   1.09e-04    -0.3     110       0
   413  5.4292590e-03  4.8090969e-04   4.03e-05    -0.3     110       0
   414  5.4121469e-03  5.8596053e-04   4.34e-05     0.0     111       0
   415  5.3998262e-03  1.3480205e-04   2.17e-05     0.0     111       0
   416  5.3971565e-03  1.3329429e-04   2.15e-05     0.0     111       0
   417  5.3862707e-03  1.3625930e-04   2.18e-05     0.0     111       0
   418  5.3932547e-03  8.6074212e-04   5.65e-05    -0.3     111       0
   419  5.3763077e-03  1.3208330e-04   2.14e-05    -0.3     110       0
   420  5.3732578e-03  1.2927703e-04   2.11e-05     0.0     110       0
   421  5.3695120e-03  1.3392031e-04   2.16e-05     0.0     110       0
   422  5.3675249e-03  2.4872545e-04   2.67e-05     0.0     110       0
   423  5.3686431e-03  3.1841749e-04   3.13e-05     0.0     110       0
   424  5.3643842e-03  1.6072878e-04   2.25e-05     0.0     110       0
   425  5.3611350e-03  1.3181471e-04   2.14e-05     0.0     110       0
   426  5.3600166e-03  1.3073073e-04   2.13e-05     0.0     110       0
   427  5.3544973e-03  1.3068330e-04   2.13e-05     0.0     110       0
   428  4.4234323e-03  3.3846948e-04   2.96e-05    -0.3     100       0
   429  4.6396551e-03  2.7445577e-03   1.46e-04    -0.3     104       0
   430  4.6818690e-03  2.2635707e-03   1.30e-04    -0.3     100       0
   431  4.4686441e-03  8.9015388e-04   5.63e-05     0.0     101       0
   432  4.4383874e-03  9.4933497e-05   1.77e-05     0.0     101       0
NOTE: solution not actually optimal, best objective value is 4.4234323e-03
 EXIT -- Optimal solution found

 Products with A     :     646        Total time   (secs) :     2.1
 Products with A'    :     433        Project time (secs) :     0.4
 Newton iterations   :       0        Mat-vec time (secs) :     0.7
 Line search its     :     434        Subspace iterations :       0

