
 ==================================================================================
 PQNL1_SLIM v. 46  (Tue, 14 Jun 2011) based on v.1017
 ==================================================================================
 No. rows              :     2047      No. columns           :     1024
 Initial tau           : 0.00e+00      Two-norm of b         : 5.11e+03
 Optimality tol        : 1.00e-04      Target objective      : 0.00e+00
 Basis pursuit tol     : 1.00e-06      Maximum iterations    :      103

     0  5.1105548e+03  0.0000000e+00   1.00e+00  5.330e+05     0.0       0       0  4.8998822e+01

Inside of minConf_PQN 
 Iteration   FunEvals Projections     Step Length          rNorm2        Opt Cond
         1          1          4     6.25000e-02     5.03029e+03     5.20612e+01
         2          1         10     1.00000e+00     1.44993e+03     9.71329e+01
         3          1         18     1.00000e+00     1.14722e+03     9.66763e+01
         4          1         26     1.00000e+00     9.44198e+02     9.61968e+01
         5          1         36     1.00000e+00     7.90219e+02     9.66687e+01
         6          1         49     1.00000e+00     5.72825e+02     9.75384e+01
         7          1         58     1.00000e+00     5.28270e+02     9.64768e+01
         8          1         66     1.00000e+00     4.96828e+02     9.64874e+01
         9          1         76     1.00000e+00     4.79399e+02     9.50947e+01
        10          1         88     1.00000e+00     4.65657e+02     9.50933e+01
        11          1        102     1.00000e+00     4.57741e+02     9.50175e+01
        12          1        120     1.00000e+00     4.29405e+02     9.62240e+01
        13          1        140     1.00000e+00     4.08989e+02     9.61150e+01
        14          1        153     1.00000e+00     3.99716e+02     9.60710e+01
        15          1        172     1.00000e+00     3.90366e+02     9.61732e+01
        16          1        187     1.00000e+00     3.84401e+02     9.61513e+01
        17          1        218     1.00000e+00     3.49047e+02     9.55528e+01
        18          1        255     1.00000e+00     3.20698e+02     9.52810e+01
        19          1        287     1.00000e+00     2.69123e+02     9.79976e+01
        20          1        324     1.00000e+00     2.14062e+02     9.77139e+01
        21          1        346     1.00000e+00     1.84432e+02     9.77982e+01
        22          1        383     1.00000e+00     1.51480e+02     9.77604e+01
        23          1        400     1.00000e+00     1.43275e+02     9.77583e+01
        24          1        417     1.00000e+00     1.36610e+02     9.77470e+01
        25          1        437     1.00000e+00     1.29863e+02     9.41714e+01
        26          1        457     1.00000e+00     1.25506e+02     9.41738e+01
        27          1        472     1.00000e+00     1.21489e+02     9.41308e+01
        28          1        489     1.00000e+00     1.19210e+02     9.40983e+01
        29          1        501     1.00000e+00     1.18225e+02     9.40975e+01
        30          1        515     1.00000e+00     1.16610e+02     9.44562e+01
        31          1        532     1.00000e+00     1.15492e+02     9.41025e+01
        32          1        548     1.00000e+00     1.14764e+02     9.41009e+01
        33          1        568     1.00000e+00     1.13606e+02     9.40988e+01
        34          1        594     1.00000e+00     1.12508e+02     9.41079e+01
        35          1        608     1.00000e+00     1.11418e+02     9.41048e+01
        36          1        630     1.00000e+00     1.09908e+02     9.42411e+01
        37          1        654     1.00000e+00     1.09259e+02     9.40954e+01
        38          1        667     1.00000e+00     1.08625e+02     9.40933e+01
        39          1        684     1.00000e+00     1.08166e+02     9.07871e+01
        40          1        708     1.00000e+00     1.07825e+02     9.40925e+01
        41          1        725     1.00000e+00     1.07318e+02     9.40919e+01
        42          1        745     1.00000e+00     1.06706e+02     9.40911e+01
        43          1        769     1.00000e+00     1.05812e+02     9.41025e+01
        44          1        788     1.00000e+00     1.05315e+02     9.40995e+01
        45          1        809     1.00000e+00     1.04493e+02     9.05257e+01
        46          1        834     1.00000e+00     1.04209e+02     9.04879e+01
rNorm less than sigma_ref
rNorm less than sigma_ref

 EXIT -- residual less than sigma ref

 Products with A     :      52        Total time   (secs) :     3.9
 Products with A'    :      52        Project time (secs) :     4.8
 Newton iterations   :       1        Mat-vec time (secs) :     0.2

