
 ==================================================================================
 SPGL1_SLIM v. 46  (Tue, 14 Jun 2011) based on v.1017
 ==================================================================================
 No. rows              :     2047      No. columns           :     1024
 Initial tau           : 0.00e+00      Two-norm of b         : 5.11e+03
 Optimality tol        : 1.00e-04      Target objective      : 0.00e+00
 Basis pursuit tol     : 1.00e-06      Maximum iterations    :      103

  Iter      Objective   Relative Gap  Rel Error      gNorm   stepG    nnzX    nnzG            tau
     0  5.1105548e+03  0.0000000e+00   1.00e+00  5.330e+05     0.0       0       0  4.8998822e+01
     1  5.0302893e+03  2.1202144e+00   1.00e+00  5.308e+05    -0.3       1       0
     2  1.0303046e+03  2.8098149e+01   1.00e+00  3.306e+05     0.0      99       0
     3  7.2777351e+02  8.2028393e+00   1.00e+00  9.343e+04     0.0     148       0
     4  5.9655046e+02  1.1481440e+01   1.00e+00  8.457e+04     0.0     147       0
     5  5.5963022e+02  8.5763554e+00   1.00e+00  6.904e+04     0.0     128       0
     6  4.9431568e+02  7.0728356e+00   1.00e+00  5.501e+04     0.0      90       0
     7  5.9211160e+02  1.6288708e+01   1.00e+00  9.127e+04     0.0      80       0
     8  5.1662642e+02  2.0555252e+01   1.00e+00  8.994e+04     0.0      97       0
     9  4.5530499e+02  4.8279412e+00   1.00e+00  4.530e+04     0.0      90       0
    10  4.4928185e+02  5.4362852e+00   1.00e+00  4.562e+04     0.0      84       0
    11  4.4404448e+02  5.9042225e+00   1.00e+00  4.616e+04     0.0      81       0
    12  4.1266119e+02  8.8304989e+00   1.00e+00  4.799e+04     0.0      78       0
    13  4.1929734e+02  8.0331686e+00   1.00e+00  4.653e+04    -0.3      79       0
    14  4.0542774e+02  1.4216079e+01   1.00e+00  5.558e+04     0.0      79       0
    15  3.9830363e+02  3.0261762e+00   1.00e+00  3.679e+04     0.0      79       0
    16  3.9619582e+02  2.8148120e+00   1.00e+00  3.622e+04     0.0      77       0
    17  3.6726025e+02  3.8400149e+00   1.00e+00  3.518e+04     0.0      76       0
    18  3.8337244e+02  2.9217269e+01   1.00e+00  7.281e+04    -0.3      76       0
    19  3.5960435e+02  6.4095468e+00   1.00e+00  3.814e+04    -0.3      84       0
    20  3.5390482e+02  5.5457406e+00   1.00e+00  3.632e+04     0.0      80       0
    21  3.5140357e+02  2.7366901e+00   1.00e+00  3.251e+04     0.0      78       0
    22  3.4485281e+02  1.9205087e+00   1.00e+00  3.073e+04     0.0      77       0
    23  3.4861592e+02  5.9485790e+01   1.00e+00  9.983e+04     0.0      77       0
    24  3.1378093e+02  3.3372337e+00   1.00e+00  3.023e+04    -0.3      83       0
    25  3.0526222e+02  8.1028287e+00   1.00e+00  3.392e+04     0.0      81       0
    26  3.0126025e+02  3.6020332e+00   1.00e+00  2.917e+04     0.0      77       0
    27  2.9360088e+02  6.8355909e+00   1.00e+00  3.092e+04     0.0      74       0
    28  2.9245894e+02  1.7804474e+01   1.00e+00  4.032e+04    -0.3      76       0
    29  2.8733633e+02  1.6846279e+01   1.00e+00  3.867e+04    -0.3      76       0
    30  2.8438082e+02  3.3641120e+00   1.00e+00  2.720e+04     0.0      75       0
    31  2.8299861e+02  1.8905193e+00   1.00e+00  2.587e+04     0.0      75       0
    32  2.6824631e+02  8.5398154e+00   1.00e+00  2.956e+04     0.0      75       0
    33  2.7198758e+02  2.4963613e+01   1.00e+00  4.153e+04    -0.3      75       0
    34  2.6120610e+02  1.9083006e+01   1.00e+00  3.599e+04    -0.3      76       0
    35  2.5837801e+02  3.5195662e+00   1.00e+00  2.505e+04     0.0      76       0
    36  2.5718792e+02  1.6981935e+00   1.00e+00  2.370e+04     0.0      76       0
    37  2.4036745e+02  6.9527507e+00   1.00e+00  2.544e+04     0.0      75       0
    38  2.4077639e+02  3.3145147e+01   1.00e+00  4.045e+04    -0.3      75       0
    39  2.3693470e+02  2.7858975e+01   1.00e+00  3.675e+04    -0.3      77       0
    40  2.3147032e+02  6.9510370e+00   1.00e+00  2.455e+04     0.0      77       0
    41  2.3042610e+02  2.8636772e+00   1.00e+00  2.221e+04     0.0      75       0
    42  2.2698064e+02  1.9910509e+00   1.00e+00  2.146e+04     0.0      75       0
    43  2.2298743e+02  4.0333238e+01   1.00e+00  4.023e+04    -0.3      75       0
    44  2.1895463e+02  2.0368119e+00   1.00e+00  2.088e+04    -0.3      79       0
    45  2.1757440e+02  5.8534912e+00   1.00e+00  2.255e+04     0.0      75       0
    46  2.1623986e+02  1.6542034e+00   1.00e+00  2.042e+04     0.0      75       0
    47  2.1022575e+02  3.1008289e+01   1.00e+00  3.295e+04     0.0      75       0
    48  2.1068188e+02  3.6887434e+00   1.00e+00  2.073e+04    -0.3      78       0
    49  2.0612937e+02  9.3721235e+00   1.00e+00  2.288e+04     0.0      75       0
    50  2.0529187e+02  1.4994360e+00   1.00e+00  1.944e+04     0.0      75       0
    51  2.0288245e+02  1.7371143e+00   1.00e+00  1.935e+04     0.0      75       0
    52  1.4958717e+02  1.8022409e+01   1.00e+00  1.732e+04    -0.3      71       0
    53  1.5203873e+02  8.6621250e+01   1.00e+00  3.377e+04    -0.3      71       0
    54  1.5241566e+02  3.6554630e+01   1.00e+00  2.199e+04     0.0      82       0
    55  1.3306245e+02  2.3515585e+01   1.00e+00  1.732e+04     0.0      81       0
    56  1.3199929e+02  5.3747886e+00   1.00e+00  1.396e+04     0.0      75       0
    57  1.3127279e+02  2.3236581e+00   1.00e+00  1.332e+04     0.0      72       0
    58  1.2933940e+02  1.9343784e+01   1.00e+00  1.597e+04     0.0      70       0
    59  1.2849064e+02  5.9339157e+00   1.00e+00  1.364e+04    -0.3      70       0
    60  1.2790344e+02  5.9321955e+00   1.00e+00  1.359e+04     0.0      70       0
    61  1.2726177e+02  3.1370294e+00   1.00e+00  1.307e+04     0.0      70       0
    62  1.2601708e+02  2.9656602e+01   1.00e+00  1.716e+04     0.0      70       0
    63  1.2467449e+02  4.5186627e+00   1.00e+00  1.304e+04    -0.3      70       0
    64  1.2427532e+02  3.0730060e+00   1.00e+00  1.278e+04     0.0      69       0
    65  1.2332107e+02  3.3116230e+00   1.00e+00  1.272e+04     0.0      69       0
    66  1.2440422e+02  9.6032451e+01   1.00e+00  2.657e+04    -0.3      44       0
    67  1.2427091e+02  3.1797407e+01   1.00e+00  1.663e+04    -0.3      51       0
    68  1.1602803e+02  3.1012641e+01   1.00e+00  1.580e+04     0.0      57       0
    69  1.1539879e+02  8.0325551e+00   1.00e+00  1.260e+04     0.0      50       0
    70  1.1517331e+02  5.3565787e+00   1.00e+00  1.221e+04     0.0      48       0
    71  1.1441112e+02  1.3007178e+01   1.00e+00  1.314e+04     0.0      44       0
    72  1.1410905e+02  7.6836613e+00   1.00e+00  1.240e+04    -0.3      44       0
    73  1.1407866e+02  3.6329314e+01   1.00e+00  1.616e+04     0.0      42       0
    74  1.1357247e+02  1.1573053e+01   1.00e+00  1.285e+04     0.0      42       0
    75  1.1332677e+02  6.8946341e+00   1.00e+00  1.223e+04     0.0      42       0
    76  1.1317484e+02  7.1194702e+00   1.00e+00  1.224e+04     0.0      41       0
    77  1.1159472e+02  2.6852421e+01   1.00e+00  1.455e+04     0.0      37       0
    78  1.1175452e+02  2.1591978e+01   1.00e+00  1.389e+04    -0.3      37       0
    79  1.1110453e+02  2.2490481e+01   1.00e+00  1.396e+04     0.0      37       0
    80  1.1090589e+02  7.8725467e+00   1.00e+00  1.210e+04     0.0      36       0
    81  1.1079451e+02  6.8445082e+00   1.00e+00  1.196e+04     0.0      36       0
    82  1.0925012e+02  3.2435459e+01   1.00e+00  1.480e+04     0.0      33       0
    83  1.0810071e+02  8.9843241e+00   1.00e+00  1.194e+04    -0.3      33       0
    84  1.0778638e+02  3.9373596e+01   1.00e+00  1.551e+04     0.0      38       0
    85  1.0733613e+02  7.4374614e+00   1.00e+00  1.172e+04     0.0      33       0
    86  1.0727468e+02  7.3013595e+00   1.00e+00  1.170e+04     0.0      33       0
    87  1.0687447e+02  8.3825837e+00   1.00e+00  1.178e+04     0.0      32       0
    88  1.0666590e+02  1.6813585e+01   1.00e+00  1.273e+04    -0.3      32       0
    89  1.0703588e+02  4.6133723e+01   1.00e+00  1.615e+04    -0.3      33       0
    90  1.0637725e+02  1.7036897e+01   1.00e+00  1.273e+04     0.0      32       0
    91  1.0624870e+02  6.2492453e+00   1.00e+00  1.148e+04     0.0      32       0
    92  1.0618874e+02  7.3267181e+00   1.00e+00  1.160e+04     0.0      32       0
    93  1.0555355e+02  9.8298887e+00   1.00e+00  1.177e+04     0.0      31       0
    94  1.0493231e+02  1.1969534e+01   1.00e+00  1.200e+04    -0.3      31       0
    95  1.0484635e+02  1.3427443e+01   1.00e+00  1.215e+04     0.0      31       0
    96  1.0476015e+02  6.9675472e+00   1.00e+00  1.142e+04     0.0      31       0
    97  1.0469220e+02  1.1419183e+01   1.00e+00  1.191e+04     0.0      31       0
    98  1.0462103e+02  4.0002772e+00   1.00e+00  1.108e+04     0.0      30       0
    99  1.0456124e+02  2.2548253e+01   1.00e+00  1.313e+04     0.0      30       0
   100  1.0459649e+02  3.9695222e+00   1.00e+00  1.106e+04     0.0      30       0
   101  1.0439354e+02  1.4222061e+01   1.00e+00  1.219e+04     0.0      30       0
   102  1.0434831e+02  6.1504435e+00   1.00e+00  1.129e+04     0.0      30       0
   103  1.0428999e+02  7.9090278e+00   1.00e+00  1.148e+04     0.0      30       0

 ERROR EXIT -- Too many iterations

 Products with A     :     148        Total time   (secs) :     1.6
 Products with A'    :     105        Project time (secs) :     0.2
 Newton iterations   :       1        Mat-vec time (secs) :     0.9
 Line search its     :      73        Subspace iterations :       0

