
 ==================================================================================
 PQNL1_SLIM v. 46  (Tue, 14 Jun 2011) based on v.1017
 ==================================================================================
 No. rows              :      120      No. columns           :      512
 Initial tau           : 2.00e+01      Two-norm of b         : 2.08e+00
 Optimality tol        : 5.48e-02      Target one-norm of x  : 2.00e+01
 Basis pursuit tol     : 1.00e-06      Maximum iterations    :      100

  Iter      Objective   Relative Gap      gNorm   stepG    nnzX    nnzG
     0  2.0783049e+00  3.1944806e+00   3.45e-01     0.0       0       0
Inside of minConf_PQN 
 Iteration   FunEvals Projections     Step Length          rNorm2        Opt Cond
         1          1          4     1.00000e+00     6.78566e-01     3.62501e+00
         2          1         10     1.00000e+00     5.48083e-01     2.17603e+00
         3          1         19     1.00000e+00     4.21318e-01     1.18451e+00
         4          1         28     1.00000e+00     3.57775e-01     9.13336e-01
         5          1         37     1.00000e+00     3.04347e-01     7.01055e-01
         6          1         48     1.00000e+00     2.67640e-01     5.55033e-01
         7          1         59     1.00000e+00     2.44025e-01     4.51643e-01
         8          1         70     1.00000e+00     2.24878e-01     3.96378e-01
         9          1         82     1.00000e+00     2.10682e-01     3.69704e-01
        10          1         99     1.00000e+00     1.96030e-01     3.30553e-01
        11          1        111     1.00000e+00     1.81742e-01     2.75039e-01
        12          1        134     1.00000e+00     1.69734e-01     2.64263e-01
        13          1        148     1.00000e+00     1.63317e-01     2.14372e-01
        14          1        164     1.00000e+00     1.54764e-01     1.60848e-01
        15          1        181     1.00000e+00     1.50461e-01     1.68324e-01
        16          1        196     1.00000e+00     1.46343e-01     1.70014e-01
        17          1        214     1.00000e+00     1.40270e-01     1.72673e-01
        18          1        232     1.00000e+00     1.33954e-01     1.69776e-01
        19          1        256     1.00000e+00     1.27503e-01     1.66081e-01
        20          1        274     1.00000e+00     1.21107e-01     1.62027e-01
        21          1        299     1.00000e+00     1.13920e-01     1.73064e-01
        22          1        317     1.00000e+00     1.08859e-01     1.56096e-01
        23          1        339     1.00000e+00     9.97082e-02     1.35164e-01
        24          1        368     1.00000e+00     9.34434e-02     1.38027e-01
        25          1        400     1.00000e+00     8.61087e-02     1.40805e-01
        26          1        427     1.00000e+00     7.72745e-02     1.27731e-01
        27          1        449     1.00000e+00     6.99038e-02     1.13045e-01
        28          1        475     1.00000e+00     6.30842e-02     1.17072e-01
        29          1        505     1.00000e+00     5.65933e-02     1.16878e-01
        30          1        533     1.00000e+00     4.87834e-02     1.11239e-01
Optimal solution found
    30  4.8783364e-02  5.2817946e-02   5.93e-03     0.0      22       0
 EXIT -- Optimal solution found

 Products with A     :      32        Total time   (secs) :     2.2
 Products with A'    :      32        Project time (secs) :     2.4
 Newton iterations   :       0        Mat-vec time (secs) :     0.1

