
 ==================================================================================
 PQNL1_SLIM v. 46  (Tue, 14 Jun 2011) based on v.1017
 ==================================================================================
 No. rows              :      120      No. columns           :      512
 Initial tau           : 2.00e+01      Two-norm of b         : 2.09e+00
 Optimality tol        : 3.30e-04      Target one-norm of x  : 2.00e+01
 Basis pursuit tol     : 1.00e-06      Maximum iterations    :     1200

  Iter      Objective   Relative Gap      gNorm   stepG    nnzX    nnzG
     0  2.0884273e+00  3.2325377e+00   3.52e-01     0.0       0       0
Inside of minConf_PQN 
 Iteration   FunEvals Projections     Step Length          rNorm2        Opt Cond
         1          1          4     1.00000e+00     6.69430e-01     3.18671e+00
         2          1         10     1.00000e+00     5.65236e-01     2.08674e+00
         3          1         19     1.00000e+00     4.35363e-01     1.19079e+00
         4          1         28     1.00000e+00     3.78165e-01     8.44828e-01
         5          1         37     1.00000e+00     3.38909e-01     6.92350e-01
         6          1         49     1.00000e+00     3.02575e-01     5.78512e-01
         7          1         61     1.00000e+00     2.79123e-01     5.02191e-01
         8          1         72     1.00000e+00     2.57542e-01     4.28623e-01
         9          1         85     1.00000e+00     2.35317e-01     4.20662e-01
        10          1        100     1.00000e+00     2.18186e-01     3.61126e-01
        11          1        115     1.00000e+00     2.02226e-01     2.80297e-01
        12          1        128     1.00000e+00     1.89795e-01     2.31082e-01
        13          1        145     1.00000e+00     1.74941e-01     2.64957e-01
        14          1        164     1.00000e+00     1.65685e-01     2.65153e-01
        15          1        183     1.00000e+00     1.51048e-01     2.36969e-01
        16          1        202     1.00000e+00     1.39897e-01     2.20287e-01
        17          1        218     1.00000e+00     1.29862e-01     2.01685e-01
        18          1        237     1.00000e+00     1.20052e-01     1.93139e-01
        19          1        254     1.00000e+00     1.10595e-01     1.87775e-01
        20          1        273     1.00000e+00     1.02892e-01     1.57751e-01
        21          1        295     1.00000e+00     9.30543e-02     1.49921e-01
        22          1        319     1.00000e+00     8.46272e-02     1.55790e-01
        23          1        337     1.00000e+00     7.69723e-02     1.36200e-01
        24          1        366     1.00000e+00     6.44169e-02     1.29579e-01
        25          1        389     1.00000e+00     5.85444e-02     1.09722e-01
        26          1        408     1.00000e+00     5.09017e-02     9.23471e-02
        27          1        435     1.00000e+00     4.58883e-02     9.34606e-02
        28          1        461     1.00000e+00     4.17460e-02     7.78933e-02
        29          1        483     1.00000e+00     3.58822e-02     6.61986e-02
        30          1        510     1.00000e+00     3.20919e-02     6.93975e-02
        31          1        532     1.00000e+00     2.81758e-02     6.19217e-02
        32          1        555     1.00000e+00     2.40845e-02     4.95338e-02
        33          1        588     1.00000e+00     2.08404e-02     4.51003e-02
        34          1        610     1.00000e+00     1.80200e-02     3.78165e-02
        35          1        639     1.00000e+00     1.50188e-02     3.06039e-02
        36          1        659     1.00000e+00     1.28818e-02     2.52559e-02
        37          1        687     1.00000e+00     1.06486e-02     2.14069e-02
        38          1        712     1.00000e+00     9.06880e-03     1.82137e-02
        39          1        741     1.00000e+00     7.55839e-03     1.67248e-02
        40          1        770     1.00000e+00     6.09950e-03     1.54131e-02
        41          1        792     1.00000e+00     4.90013e-03     1.15347e-02
        42          1        817     1.00000e+00     3.97026e-03     9.32268e-03
        43          1        844     1.00000e+00     3.11137e-03     8.31900e-03
        44          1        880     1.00000e+00     2.54214e-03     6.83786e-03
        45          1        905     1.00000e+00     1.92420e-03     5.39857e-03
        46          1        926     1.00000e+00     1.62665e-03     3.98445e-03
        47          1        952     1.00000e+00     1.26607e-03     2.94139e-03
        48          1        977     1.00000e+00     1.06563e-03     2.53444e-03
        49          1       1016     1.00000e+00     8.43260e-04     1.98946e-03
        50          1       1042     1.00000e+00     7.08917e-04     1.65920e-03
        51          1       1066     1.00000e+00     6.05082e-04     1.34570e-03
        52          1       1100     1.00000e+00     4.99217e-04     9.78808e-04
        53          1       1128     1.00000e+00     4.36638e-04     9.19339e-04
        54          1       1147     1.00000e+00     3.76741e-04     7.60125e-04
        55          1       1169     1.00000e+00     3.12799e-04     6.95390e-04
Optimal solution found
    55  3.1279869e-04  4.5262283e-04   4.57e-05     0.0      20       0
 EXIT -- Optimal solution found

 Products with A     :      57        Total time   (secs) :     3.5
 Products with A'    :      57        Project time (secs) :     4.3
 Newton iterations   :       0        Mat-vec time (secs) :     0.0

