
 ==================================================================================
 PQNL1_SLIM v. 46  (Tue, 14 Jun 2011) based on v.1017
 ==================================================================================
 No. rows              :      120      No. columns           :      512
 Initial tau           : 0.00e+00      Two-norm of b         : 2.33e+00
 Optimality tol        : 1.00e-04      Target objective      : 1.00e-03
 Basis pursuit tol     : 1.00e-06      Maximum iterations    :     1200

     0  2.3292256e+00  0.0000000e+00   1.00e+00  4.167e-01     0.0       0       0  1.3013301e+01

Inside of minConf_PQN 
 Iteration   FunEvals Projections     Step Length          rNorm2        Opt Cond
         1          1          4     1.00000e+00     1.21460e+00     3.61277e+00
         2          1         10     1.00000e+00     1.07205e+00     2.07877e+00
         3          1         19     1.00000e+00     9.54561e-01     1.13029e+00
         4          1         28     1.00000e+00     9.09086e-01     8.57784e-01
         5          1         39     1.00000e+00     8.54887e-01     6.68990e-01
         6          1         48     1.00000e+00     8.22016e-01     4.83958e-01
         7          1         58     1.00000e+00     7.98449e-01     3.14416e-01
         8          1         67     1.00000e+00     7.85749e-01     1.91545e-01
         9          1         76     1.00000e+00     7.80733e-01     1.24572e-01
        10          1         87     1.00000e+00     7.77949e-01     7.88219e-02
        11          1         96     1.00000e+00     7.77112e-01     4.54522e-02
break of testUpdateTau
    11  7.7711243e-01  9.5513514e-02   7.76e-01  9.353e-02     0.0      22       0  1.9461496e+01

Inside of minConf_PQN 
 Iteration   FunEvals Projections     Step Length          rNorm2        Opt Cond
        12          1          4     1.00000e+00     3.03305e-01     1.24761e+00
        13          1         10     1.00000e+00     2.64618e-01     7.47115e-01
        14          1         17     1.00000e+00     2.28558e-01     4.43750e-01
        15          1         26     1.00000e+00     2.04230e-01     3.43538e-01
        16          1         35     1.00000e+00     1.82648e-01     2.89968e-01
        17          1         46     1.00000e+00     1.64341e-01     2.32686e-01
        18          1         55     1.00000e+00     1.48460e-01     1.87008e-01
        19          1         66     1.00000e+00     1.29233e-01     1.80838e-01
        20          1         83     1.00000e+00     1.12838e-01     1.59613e-01
        21          1         95     1.00000e+00     9.65907e-02     1.21126e-01
        22          1        110     1.00000e+00     8.20216e-02     9.22066e-02
        23          1        122     1.00000e+00     7.48638e-02     6.71067e-02
        24          1        134     1.00000e+00     6.55625e-02     4.23675e-02
        25          1        144     1.00000e+00     6.19462e-02     2.98306e-02
        26          1        152     1.00000e+00     6.05693e-02     1.67721e-02
        27          1        160     1.00000e+00     6.01041e-02     8.16334e-03
        28          1        168     1.00000e+00     5.99246e-02     3.97682e-03
        29          1        176     1.00000e+00     5.98734e-02     2.88167e-03
break of testUpdateTau
    29  5.9873352e-02  3.9761296e-03   5.89e-02  6.864e-03     0.0      21       0  1.9975021e+01

Inside of minConf_PQN 
 Iteration   FunEvals Projections     Step Length          rNorm2        Opt Cond
        30          1          4     1.00000e+00     2.24623e-02     9.61059e-02
        31          1         10     1.00000e+00     1.94335e-02     5.73778e-02
        32          1         17     1.00000e+00     1.66144e-02     3.38198e-02
        33          1         26     1.00000e+00     1.46852e-02     2.57229e-02
        34          1         35     1.00000e+00     1.30643e-02     2.17131e-02
        35          1         46     1.00000e+00     1.16465e-02     1.71857e-02
        36          1         55     1.00000e+00     1.04911e-02     1.38514e-02
        37          1         66     1.00000e+00     9.06309e-03     1.34409e-02
        38          1         81     1.00000e+00     7.90016e-03     1.28565e-02
        39          1         96     1.00000e+00     6.52950e-03     1.08162e-02
        40          1        111     1.00000e+00     5.53949e-03     7.77958e-03
        41          1        128     1.00000e+00     4.65223e-03     6.65253e-03
        42          1        143     1.00000e+00     4.07787e-03     4.77038e-03
        43          1        156     1.00000e+00     3.32855e-03     3.10459e-03
        44          1        166     1.00000e+00     3.07522e-03     2.34891e-03
        45          1        175     1.00000e+00     2.89555e-03     1.52089e-03
        46          1        184     1.00000e+00     2.81329e-03     7.26476e-04
        47          1        191     1.00000e+00     2.79388e-03     4.88384e-04
        48          1        197     1.00000e+00     2.77886e-03     2.12429e-04
        49          1        206     1.00000e+00     2.77774e-03     1.52697e-04
break of testUpdateTau
    49  2.7777378e-03  3.4426631e-04   1.78e-03  3.270e-04     0.0      20       0  1.9990123e+01

Inside of minConf_PQN 
 Iteration   FunEvals Projections     Step Length          rNorm2        Opt Cond
        50          1          4     1.00000e+00     1.54380e-03     4.02162e-03
        51          1         10     1.00000e+00     1.43034e-03     2.37933e-03
        52          1         19     1.00000e+00     1.32625e-03     1.39057e-03
        53          1         27     1.00000e+00     1.26122e-03     1.04624e-03
        54          1         36     1.00000e+00     1.19578e-03     7.98373e-04
        55          1         44     1.00000e+00     1.15507e-03     5.62847e-04
        56          1         53     1.00000e+00     1.11997e-03     3.56577e-04
        57          1         64     1.00000e+00     1.10672e-03     2.23873e-04
        58          1         74     1.00000e+00     1.10003e-03     1.22923e-04
        59          1         82     1.00000e+00     1.09883e-03     7.33849e-05
find BP solution

 EXIT -- Found a root

 Products with A     :      64        Total time   (secs) :     1.5
 Products with A'    :      64        Project time (secs) :     1.4
 Newton iterations   :       4        Mat-vec time (secs) :     0.0

