
 ==================================================================================
 PQNL1_SLIM v. 46  (Tue, 14 Jun 2011) based on v.1017
 ==================================================================================
 No. rows              :      120      No. columns           :      512
 Initial tau           : 0.00e+00      Two-norm of b         : 2.09e+00
 Optimality tol        : 3.30e-04      Target objective      : 1.00e-03
 Basis pursuit tol     : 1.00e-06      Maximum iterations    :     1200

     0  2.0889958e+00  0.0000000e+00   1.00e+00  3.525e-01     0.0       0       0  1.2373980e+01

Inside of minConf_PQN 
 Iteration   FunEvals Projections     Step Length          rNorm2        Opt Cond
         1          1          4     1.00000e+00     1.08354e+00     3.18163e+00
         2          1         10     1.00000e+00     9.78464e-01     1.87578e+00
         3          1         19     1.00000e+00     8.87789e-01     1.05321e+00
         4          1         27     1.00000e+00     8.43399e-01     7.19803e-01
         5          1         36     1.00000e+00     8.14687e-01     4.86164e-01
         6          1         45     1.00000e+00     7.96367e-01     3.90871e-01
         7          1         54     1.00000e+00     7.84051e-01     3.43451e-01
         8          1         63     1.00000e+00     7.72341e-01     2.66341e-01
         9          1         78     1.00000e+00     7.62392e-01     2.77015e-01
        10          1         88     1.00000e+00     7.57352e-01     2.19920e-01
        11          1        100     1.00000e+00     7.50742e-01     1.45519e-01
        12          1        109     1.00000e+00     7.48930e-01     1.00139e-01
        13          1        121     1.00000e+00     7.47887e-01     8.14987e-02
break of testUpdateTau
    13  7.4788656e-01  6.2423470e-02   7.47e-01  7.698e-02     0.0      32       0  1.9629879e+01

Inside of minConf_PQN 
 Iteration   FunEvals Projections     Step Length          rNorm2        Opt Cond
        14          1          4     1.00000e+00     2.61076e-01     1.17466e+00
        15          1         10     1.00000e+00     2.29779e-01     7.61456e-01
        16          1         19     1.00000e+00     1.96665e-01     4.28654e-01
        17          1         28     1.00000e+00     1.80198e-01     3.11427e-01
        18          1         37     1.00000e+00     1.65304e-01     2.42918e-01
        19          1         48     1.00000e+00     1.56782e-01     2.24183e-01
        20          1         57     1.00000e+00     1.47263e-01     1.86985e-01
        21          1         69     1.00000e+00     1.41135e-01     1.56993e-01
        22          1         82     1.00000e+00     1.34510e-01     1.46496e-01
        23          1         98     1.00000e+00     1.27993e-01     1.40669e-01
        24          1        123     1.00000e+00     1.20876e-01     1.57600e-01
        25          1        141     1.00000e+00     1.13948e-01     1.63510e-01
        26          1        167     1.00000e+00     1.05302e-01     1.46613e-01
        27          1        182     1.00000e+00     9.76638e-02     1.26175e-01
        28          1        209     1.00000e+00     8.89079e-02     1.19160e-01
        29          1        228     1.00000e+00     8.21357e-02     1.13113e-01
        30          1        246     1.00000e+00     7.27046e-02     1.05952e-01
        31          1        269     1.00000e+00     6.38164e-02     8.95372e-02
        32          1        292     1.00000e+00     5.72188e-02     8.35191e-02
        33          1        310     1.00000e+00     5.16817e-02     6.84672e-02
        34          1        331     1.00000e+00     4.51778e-02     5.48224e-02
        35          1        350     1.00000e+00     4.14864e-02     3.74053e-02
        36          1        365     1.00000e+00     3.93353e-02     2.59350e-02
        37          1        377     1.00000e+00     3.81176e-02     1.79043e-02
        38          1        390     1.00000e+00     3.72758e-02     1.11908e-02
        39          1        401     1.00000e+00     3.70013e-02     7.39806e-03
        40          1        413     1.00000e+00     3.68922e-02     4.82863e-03
        41          1        424     1.00000e+00     3.68358e-02     2.69340e-03
        42          1        434     1.00000e+00     3.68210e-02     1.83577e-03
break of testUpdateTau
    42  3.6821020e-02  3.8139596e-03   3.58e-02  3.769e-03     0.0      24       0  1.9979862e+01

Inside of minConf_PQN 
 Iteration   FunEvals Projections     Step Length          rNorm2        Opt Cond
        43          1          4     1.00000e+00     1.31461e-02     5.91114e-02
        44          1         10     1.00000e+00     1.15696e-02     3.69838e-02
        45          1         17     1.00000e+00     1.01340e-02     2.23664e-02
        46          1         26     1.00000e+00     9.20421e-03     1.64615e-02
        47          1         35     1.00000e+00     8.60173e-03     1.24841e-02
        48          1         43     1.00000e+00     8.15564e-03     1.02103e-02
        49          1         54     1.00000e+00     7.77198e-03     9.01163e-03
        50          1         66     1.00000e+00     7.48830e-03     7.93633e-03
        51          1         79     1.00000e+00     7.15482e-03     7.17672e-03
        52          1         93     1.00000e+00     6.88807e-03     7.04031e-03
        53          1        110     1.00000e+00     6.70693e-03     6.28253e-03
        54          1        127     1.00000e+00     6.46169e-03     5.14517e-03
        55          1        146     1.00000e+00     6.26288e-03     5.37400e-03
        56          1        160     1.00000e+00     6.08927e-03     4.99257e-03
        57          1        178     1.00000e+00     5.89869e-03     4.89038e-03
        58          1        200     1.00000e+00     5.66773e-03     5.18143e-03
        59          1        218     1.00000e+00     5.55530e-03     4.45742e-03
        60          1        241     1.00000e+00     5.31766e-03     4.00115e-03
        61          1        265     1.00000e+00     5.22719e-03     3.93935e-03
        62          1        287     1.00000e+00     5.11795e-03     3.35722e-03
        63          1        307     1.00000e+00     5.04744e-03     2.59070e-03
        64          1        324     1.00000e+00     4.98166e-03     2.23016e-03
        65          1        337     1.00000e+00     4.95334e-03     2.07317e-03
        66          1        355     1.00000e+00     4.91088e-03     2.09858e-03
        67          1        370     1.00000e+00     4.88590e-03     1.65947e-03
        68          1        383     1.00000e+00     4.86622e-03     1.17107e-03
        69          1        398     1.00000e+00     4.85612e-03     9.98328e-04
        70          1        411     1.00000e+00     4.85036e-03     8.03237e-04
break of testUpdateTau
    70  4.8503573e-03  6.2509403e-04   3.85e-03  3.919e-04     0.0      21       0  2.0027511e+01

Inside of minConf_PQN 
 Iteration   FunEvals Projections     Step Length          rNorm2        Opt Cond
        71          1          4     1.00000e+00     1.94440e-03     7.48849e-03
        72          1         10     1.00000e+00     1.81088e-03     4.56105e-03
        73          1         19     1.00000e+00     1.70009e-03     2.99258e-03
        74          1         27     1.00000e+00     1.63018e-03     2.17636e-03
        75          1         37     1.00000e+00     1.58653e-03     1.59043e-03
        76          1         46     1.00000e+00     1.55629e-03     1.22997e-03
        77          1         57     1.00000e+00     1.53768e-03     1.04598e-03
        78          1         71     1.00000e+00     1.52443e-03     9.09861e-04
        79          1         84     1.00000e+00     1.51067e-03     8.97416e-04
        80          1        100     1.00000e+00     1.49931e-03     8.71090e-04
        81          1        114     1.00000e+00     1.49112e-03     7.71889e-04
        82          1        129     1.00000e+00     1.48253e-03     6.30203e-04
        83          1        143     1.00000e+00     1.47461e-03     6.19792e-04
        84          1        157     1.00000e+00     1.46854e-03     6.41304e-04
        85          1        172     1.00000e+00     1.46323e-03     5.71635e-04
        86          1        187     1.00000e+00     1.45826e-03     4.70433e-04
        87          1        206     1.00000e+00     1.45382e-03     4.32583e-04
        88          1        225     1.00000e+00     1.45110e-03     4.29691e-04
        89          1        240     1.00000e+00     1.44799e-03     3.98008e-04
        90          1        254     1.00000e+00     1.44531e-03     3.31831e-04
        91          1        274     1.00000e+00     1.44285e-03     3.56871e-04
        92          1        293     1.00000e+00     1.44102e-03     3.58451e-04
        93          1        309     1.00000e+00     1.43881e-03     2.78463e-04
        94          1        328     1.00000e+00     1.43734e-03     2.31733e-04
        95          1        345     1.00000e+00     1.43624e-03     2.52618e-04
        96          1        361     1.00000e+00     1.43529e-03     2.34885e-04
        97          1        377     1.00000e+00     1.43412e-03     1.92401e-04
        98          1        409     1.00000e+00     1.43310e-03     2.04420e-04
        99          1        427     1.00000e+00     1.43244e-03     2.03416e-04
       100          1        444     1.00000e+00     1.43167e-03     1.74357e-04
       101          1        462     1.00000e+00     1.43086e-03     1.58375e-04
       102          1        476     1.00000e+00     1.43051e-03     1.37514e-04
       103          1        491     1.00000e+00     1.43001e-03     1.31869e-04
       104          1        515     1.00000e+00     1.42976e-03     1.25857e-04
break of testUpdateTau
   104  1.4297589e-03  7.1650772e-05   4.30e-04  1.006e-04     0.0      21       0  2.0033621e+01

Inside of minConf_PQN 
 Iteration   FunEvals Projections     Step Length          rNorm2        Opt Cond
       105          1          4     1.00000e+00     1.03986e-03     1.16984e-03
rNorm less than sigma_ref
rNorm less than sigma_ref

 EXIT -- residual less than sigma ref

 Products with A     :     111        Total time   (secs) :     3.5
 Products with A'    :     111        Project time (secs) :     4.5
 Newton iterations   :       5        Mat-vec time (secs) :     0.1

