
 ==================================================================================
 SPGL1_SLIM v. 46  (Tue, 14 Jun 2011) based on v.1017
 ==================================================================================
 No. rows              :      120      No. columns           :      512
 Initial tau           : 0.00e+00      Two-norm of b         : 2.33e+00
 Optimality tol        : 1.00e-04      Target objective      : 1.00e-03
 Basis pursuit tol     : 1.00e-06      Maximum iterations    :     1200

  Iter      Objective   Relative Gap  Rel Error      gNorm   stepG    nnzX    nnzG            tau
     0  2.3292256e+00  0.0000000e+00   1.00e+00  4.167e-01     0.0       0       0  1.3013301e+01
     1  2.1817991e+00  2.0142138e+00   1.00e+00  3.674e-01    -0.3       1       0
     2  1.0178495e+00  1.9349843e+00   9.99e-01  2.079e-01     0.0      58       0
     3  8.9757910e-01  3.3977786e-01   8.97e-01  1.082e-01     0.0      80       0
     4  8.6007294e-01  3.2099733e-01   8.59e-01  1.062e-01     0.0      61       0
     5  8.0049302e-01  2.3432815e-01   7.99e-01  1.019e-01     0.0      35       0
     6  8.0558150e-01  8.3749567e-01   8.05e-01  1.470e-01     0.0      22       0
     7  8.0019661e-01  4.3965532e-01   7.99e-01  1.191e-01     0.0      23       0
     8  7.7712945e-01  5.0461705e-02   7.76e-01  8.984e-02     0.0      24       0
     9  7.7668990e-01  1.5517781e-02   7.76e-01  8.738e-02     0.0      23       0
    10  7.7661197e-01  5.8732332e-03   7.76e-01  8.671e-02     0.0      22       0
    11  7.7659110e-01  3.5222012e-03   7.76e-01  8.658e-02     0.0      22       0  1.9970269e+01
    12  2.7962857e-01  1.0210439e+00   2.79e-01  4.840e-02     0.0      56       0
    13  1.8904181e-01  2.0178462e-01   1.88e-01  2.762e-02     0.0     181       0
    14  1.3520203e-01  1.2767843e-01   1.34e-01  1.609e-02     0.0     165       0
    15  1.2513344e-01  8.5889297e-02   1.24e-01  1.449e-02     0.0     151       0
    16  1.1183374e-01  6.4900586e-02   1.11e-01  1.303e-02     0.0     131       0
    17  8.8185825e-02  6.5508029e-02   8.72e-02  1.075e-02     0.0      98       0
    18  9.7967002e-02  1.4485590e-01   9.70e-02  1.437e-02    -0.3      99       0
    19  9.0607997e-02  1.8774777e-01   8.96e-02  1.578e-02     0.0     116       0
    20  6.9063791e-02  5.0512212e-02   6.81e-02  8.727e-03     0.0     119       0
    21  6.5645345e-02  2.9914248e-02   6.46e-02  7.489e-03     0.0     109       0
    22  6.2651788e-02  3.1284202e-02   6.17e-02  7.321e-03     0.0     104       0
    23  4.1110857e-02  4.3726059e-02   4.01e-02  5.853e-03     0.0      86       0
    24  3.8636232e-02  4.3831888e-02   3.76e-02  5.805e-03    -0.3      92       0
    25  3.7271160e-02  6.8717699e-02   3.63e-02  6.490e-03     0.0      93       0
    26  3.3757502e-02  2.4800202e-02   3.28e-02  4.414e-03     0.0      91       0
    27  3.2291801e-02  1.5161850e-02   3.13e-02  3.767e-03     0.0      92       0
    28  3.0912735e-02  1.3568040e-02   2.99e-02  3.572e-03     0.0      88       0
    29  2.2971243e-02  4.8252824e-02   2.20e-02  4.338e-03     0.0      77       0
    30  2.1132243e-02  1.9871154e-02   2.01e-02  3.079e-03    -0.3      79       0
    31  1.9774273e-02  7.6892256e-03   1.88e-02  2.252e-03     0.0      78       0
    32  1.8857126e-02  8.3174165e-03   1.79e-02  2.204e-03     0.0      77       0
    33  1.6125903e-02  2.1569039e-02   1.51e-02  2.524e-03     0.0      71       0
    34  1.5091128e-02  1.3385704e-02   1.41e-02  2.139e-03    -0.3      74       0
    35  1.4357979e-02  6.5421025e-03   1.34e-02  1.687e-03     0.0      68       0
    36  1.3687682e-02  7.2422135e-03   1.27e-02  1.673e-03     0.0      71       0
    37  1.2564201e-02  1.6470891e-02   1.16e-02  1.964e-03     0.0      63       0
    38  1.2711327e-02  1.9935467e-02   1.17e-02  2.122e-03    -0.3      67       0
    39  1.1156462e-02  8.9418414e-03   1.02e-02  1.500e-03     0.0      61       0
    40  1.0683315e-02  4.5830825e-03   9.68e-03  1.253e-03     0.0      61       0
    41  1.0275772e-02  4.4117754e-03   9.28e-03  1.207e-03     0.0      61       0
    42  6.0513356e-03  9.0029390e-03   5.05e-03  1.013e-03     0.0      43       0
    43  9.4171515e-03  3.8620563e-02   8.42e-03  2.547e-03    -0.3      48       0
    44  6.5962372e-03  9.0566837e-03   5.60e-03  1.075e-03     0.0      45       0
    45  5.3403181e-03  5.8686192e-03   4.34e-03  8.299e-04     0.0      41       0
    46  5.0667891e-03  1.8525112e-03   4.07e-03  6.057e-04     0.0      40       0
    47  4.7571289e-03  2.3989042e-03   3.76e-03  5.986e-04     0.0      37       0
    48  3.8509163e-03  6.4455767e-03   2.85e-03  7.010e-04     0.0      23       0
    49  3.6548571e-03  2.1820915e-03   2.65e-03  4.966e-04    -0.3      23       0
    50  3.5212602e-03  1.7859888e-03   2.52e-03  4.614e-04     0.0      22       0
    51  3.3955731e-03  9.9759890e-04   2.40e-03  4.147e-04     0.0      20       0
    52  3.3615781e-03  3.3447180e-03   2.36e-03  5.406e-04     0.0      20       0
    53  3.4303737e-03  5.1203237e-03   2.43e-03  6.179e-04     0.0      20       0
    54  3.3054785e-03  3.2321569e-04   2.31e-03  3.837e-04     0.0      20       0
    55  3.3047402e-03  5.0061222e-05   2.30e-03  3.697e-04     0.0      20       0
    56  3.3046969e-03  1.3180070e-05   2.30e-03  3.679e-04     0.0      20       0  1.9990969e+01
    57  1.4051602e-03  1.5369995e-03   4.05e-04  1.923e-04     0.0      20       0
    58  1.2696177e-03  5.4816832e-04   2.70e-04  1.554e-04     0.0      20       0
    59  1.2132027e-03  4.8914343e-04   2.13e-04  1.469e-04     0.0      20       0
    60  1.0663076e-03  4.5365014e-04   6.63e-05  1.372e-04     0.0      20       0

 EXIT -- Found a root

 Products with A     :      75        Total time   (secs) :     0.3
 Products with A'    :      61        Project time (secs) :     0.1
 Newton iterations   :       3        Mat-vec time (secs) :     0.1
 Line search its     :      17        Subspace iterations :       0

