
 ==================================================================================
 SPGL1_SLIM v. 46  (Tue, 14 Jun 2011) based on v.1017
 ==================================================================================
 No. rows              :      120      No. columns           :      512
 Initial tau           : 0.00e+00      Two-norm of b         : 2.09e+00
 Optimality tol        : 3.30e-04      Target objective      : 1.00e-03
 Basis pursuit tol     : 1.00e-06      Maximum iterations    :     1200

  Iter      Objective   Relative Gap  Rel Error      gNorm   stepG    nnzX    nnzG            tau
     0  2.0889958e+00  0.0000000e+00   1.00e+00  3.525e-01     0.0       0       0  1.2373980e+01
     1  2.0085564e+00  2.7820655e+00   1.00e+00  3.920e-01    -0.3       1       0
     2  1.2428900e+00  3.3494660e+00   9.99e-01  2.763e-01     0.0      47       0
     3  9.4178734e-01  1.3281408e+00   9.41e-01  1.707e-01     0.0      85       0
     4  8.2836384e-01  3.7391051e-01   8.27e-01  9.864e-02     0.0      81       0
     5  8.0968527e-01  2.5613783e-01   8.09e-01  8.908e-02     0.0      65       0
     6  7.8127963e-01  1.7867798e-01   7.80e-01  8.306e-02     0.0      54       0
     7  7.6460701e-01  4.1022548e-01   7.64e-01  1.012e-01     0.0      39       0
     8  7.6954517e-01  4.8275119e-01   7.69e-01  1.073e-01    -0.3      37       0
     9  7.5176828e-01  9.8340359e-02   7.51e-01  7.945e-02     0.0      40       0
    10  7.4948222e-01  5.1819963e-02   7.48e-01  7.535e-02     0.0      39       0
    11  7.4848961e-01  4.7106101e-02   7.47e-01  7.524e-02     0.0      36       0
    12  7.4649377e-01  4.2006399e-02   7.45e-01  7.661e-02     0.0      29       0
    13  7.4858583e-01  1.4193677e-01   7.48e-01  8.443e-02     0.0      29       0
    14  7.4671323e-01  5.5169242e-02   7.46e-01  7.724e-02     0.0      31       0
    15  7.4628954e-01  1.6613544e-02   7.45e-01  7.430e-02     0.0      29       0
    16  7.4626998e-01  4.8399581e-03   7.45e-01  7.334e-02     0.0      29       0  1.9957675e+01
    17  2.1562896e-01  4.9780145e-01   2.15e-01  2.991e-02     0.0     127       0
    18  1.6123652e-01  8.6367259e-02   1.60e-01  1.693e-02     0.0     211       0
    19  1.5057818e-01  9.7817880e-02   1.50e-01  1.579e-02     0.0     182       0
    20  1.3904288e-01  5.5175418e-02   1.38e-01  1.354e-02     0.0     171       0
    21  1.2286820e-01  1.0814217e-01   1.22e-01  1.354e-02     0.0     133       0
    22  1.3449391e-01  1.8107828e-01   1.33e-01  1.967e-02    -0.3     134       0
    23  1.1416494e-01  9.9162921e-02   1.13e-01  1.295e-02     0.0     133       0
    24  1.0888117e-01  4.2938611e-02   1.08e-01  1.056e-02     0.0     125       0
    25  1.0720856e-01  4.5826525e-02   1.06e-01  1.051e-02     0.0     124       0
    26  9.6249158e-02  3.5548079e-02   9.52e-02  9.236e-03     0.0     107       0
    27  9.3693689e-02  5.7924402e-02   9.27e-02  9.903e-03    -0.3     105       0
    28  9.3360654e-02  6.5556049e-02   9.24e-02  1.055e-02     0.0     105       0
    29  8.9479107e-02  5.4929006e-02   8.85e-02  9.503e-03     0.0     104       0
    30  8.7736138e-02  3.3134432e-02   8.67e-02  8.478e-03     0.0     102       0
    31  8.6638520e-02  3.7571646e-02   8.56e-02  8.585e-03     0.0     102       0
    32  7.7761713e-02  3.1856454e-02   7.68e-02  7.832e-03     0.0     102       0
    33  7.8982590e-02  1.0331768e-01   7.80e-02  1.074e-02    -0.3     103       0
    34  7.7246003e-02  1.0827430e-01   7.62e-02  1.148e-02     0.0     103       0
    35  7.2616928e-02  3.6662540e-02   7.16e-02  7.558e-03     0.0     102       0
    36  7.1867808e-02  2.9356406e-02   7.09e-02  7.143e-03     0.0     103       0
    37  6.9473887e-02  3.0061891e-02   6.85e-02  6.972e-03     0.0     101       0
    38  7.1639169e-02  3.0054383e-01   7.06e-02  1.877e-02     0.0      86       0
    39  6.2440028e-02  1.2048351e-01   6.14e-02  9.903e-03    -0.3      95       0
    40  4.9541541e-02  6.5411111e-02   4.85e-02  7.247e-03     0.0      93       0
    41  4.4092544e-02  2.5157712e-02   4.31e-02  4.832e-03     0.0      91       0
    42  4.2970748e-02  1.5139269e-02   4.20e-02  4.260e-03     0.0      91       0
    43  4.1469023e-02  1.5599715e-02   4.05e-02  4.101e-03     0.0      91       0
    44  3.8894890e-02  2.1188950e-02   3.79e-02  4.169e-03     0.0      91       0
    45  3.8053791e-02  2.2347343e-02   3.71e-02  4.103e-03    -0.3      90       0
    46  3.7388435e-02  1.0825813e-02   3.64e-02  3.541e-03     0.0      90       0
    47  3.6827544e-02  1.6502074e-02   3.58e-02  3.751e-03     0.0      90       0
    48  3.6160220e-02  1.1237153e-02   3.52e-02  3.465e-03     0.0      89       0
    49  3.5990083e-02  3.1738332e-02   3.50e-02  4.335e-03     0.0      89       0
    50  3.5520866e-02  4.0693079e-02   3.45e-02  4.852e-03     0.0      87       0
    51  3.4179600e-02  1.3063034e-02   3.32e-02  3.387e-03     0.0      89       0
    52  3.3863879e-02  9.8893456e-03   3.29e-02  3.210e-03     0.0      87       0
    53  3.2340923e-02  1.1899571e-02   3.13e-02  3.181e-03     0.0      87       0
    54  2.9370013e-02  5.8302575e-02   2.84e-02  5.163e-03    -0.3      82       0
    55  2.6823835e-02  2.2941548e-02   2.58e-02  3.309e-03    -0.3      78       0
    56  2.5535303e-02  8.1486103e-03   2.45e-02  2.512e-03     0.0      80       0
    57  2.5148061e-02  1.0696363e-02   2.41e-02  2.594e-03     0.0      80       0
    58  2.4498928e-02  6.6952994e-03   2.35e-02  2.322e-03     0.0      79       0
    59  2.4778373e-02  2.7702394e-02   2.38e-02  3.172e-03     0.0      75       0
    60  2.2290313e-02  7.3619521e-03   2.13e-02  2.191e-03    -0.3      74       0
    61  2.1997055e-02  6.2137742e-03   2.10e-02  2.103e-03     0.0      76       0
    62  2.1504855e-02  6.0686927e-03   2.05e-02  2.046e-03     0.0      76       0
    63  2.0082750e-02  2.6874767e-02   1.91e-02  2.861e-03     0.0      71       0
    64  1.8778246e-02  1.4427772e-02   1.78e-02  2.282e-03    -0.3      72       0
    65  1.8103043e-02  5.6971038e-03   1.71e-02  1.785e-03     0.0      70       0
    66  1.7830446e-02  4.3501855e-03   1.68e-02  1.687e-03     0.0      70       0
    67  1.7342933e-02  6.7485071e-03   1.63e-02  1.753e-03     0.0      70       0
    68  1.7177070e-02  2.3146422e-02   1.62e-02  2.529e-03    -0.3      71       0
    69  1.6713608e-02  9.8902503e-03   1.57e-02  1.833e-03    -0.3      69       0
    70  1.6218809e-02  4.1017609e-03   1.52e-02  1.539e-03     0.0      69       0
    71  1.6077814e-02  4.6921639e-03   1.51e-02  1.556e-03     0.0      69       0
    72  1.4848564e-02  3.0597682e-03   1.38e-02  1.372e-03     0.0      67       0
    73  1.4638326e-02  1.5567264e-02   1.36e-02  1.942e-03    -0.3      64       0
    74  1.3633894e-02  3.2710061e-03   1.26e-02  1.312e-03    -0.3      62       0
    75  1.3422008e-02  4.2060430e-03   1.24e-02  1.337e-03     0.0      62       0
    76  1.3208918e-02  3.8706215e-03   1.22e-02  1.295e-03     0.0      62       0
    77  1.2466705e-02  5.7998558e-03   1.15e-02  1.305e-03     0.0      58       0
    78  1.2227507e-02  5.4029180e-03   1.12e-02  1.282e-03    -0.3      59       0
    79  1.2039434e-02  4.3387745e-03   1.10e-02  1.214e-03     0.0      58       0
    80  1.1906590e-02  2.8189988e-03   1.09e-02  1.128e-03     0.0      57       0
    81  1.1683765e-02  4.2378088e-03   1.07e-02  1.178e-03     0.0      56       0
    82  1.1575392e-02  9.1024902e-03   1.06e-02  1.397e-03    -0.3      55       0
    83  1.1775593e-02  1.1340238e-02   1.08e-02  1.489e-03     0.0      54       0
    84  1.1102046e-02  2.2710347e-03   1.01e-02  1.031e-03     0.0      54       0
    85  1.1006264e-02  3.1770136e-03   1.00e-02  1.069e-03     0.0      55       0
    86  1.0825897e-02  2.9046217e-03   9.83e-03  1.040e-03     0.0      52       0
    87  8.0594675e-03  1.4813428e-02   7.06e-03  1.267e-03     0.0      22       0
    88  8.3396653e-03  2.0096911e-02   7.34e-03  1.609e-03    -0.3      23       0
    89  7.2179090e-03  5.6810246e-03   6.22e-03  8.486e-04     0.0      22       0
    90  6.8488931e-03  2.8898974e-03   5.85e-03  7.106e-04     0.0      22       0
    91  6.7846875e-03  1.2004168e-03   5.78e-03  6.145e-04     0.0      21       0
    92  6.7344532e-03  1.1432660e-03   5.73e-03  6.056e-04     0.0      21       0
    93  6.6528736e-03  1.3477287e-03   5.65e-03  5.950e-04     0.0      21       0
    94  6.6786146e-03  3.4043810e-03   5.68e-03  7.100e-04    -0.3      21       0
    95  6.6316358e-03  1.9559422e-03   5.63e-03  6.202e-04     0.0      21       0
    96  6.5973394e-03  4.3422606e-04   5.60e-03  5.489e-04     0.0      21       0
    97  6.5917539e-03  5.3484569e-04   5.59e-03  5.526e-04     0.0      21       0
    98  6.5531984e-03  4.8588693e-04   5.55e-03  5.444e-04     0.0      21       0
    99  6.5814919e-03  2.2766078e-03   5.58e-03  6.319e-04    -0.3      21       0
   100  6.5460300e-03  1.1783227e-03   5.55e-03  5.777e-04    -0.3      21       0
   101  6.5380854e-03  2.0546969e-04   5.54e-03  5.280e-04     0.0      21       0
   102  6.5371925e-03  1.4971153e-04   5.54e-03  5.250e-04     0.0      21       0
   103  6.5355983e-03  1.7589643e-04   5.54e-03  5.258e-04     0.0      21       0
   104  6.5346697e-03  2.8475273e-04   5.53e-03  5.298e-04     0.0      21       0
   105  6.5347408e-03  4.0570985e-04   5.53e-03  5.365e-04    -0.3      21       0  2.0025091e+01
   106  2.2422353e-03  3.5290669e-03   1.24e-03  2.588e-04     0.0      22       0
   107  1.9298448e-03  9.5345863e-04   9.30e-04  1.760e-04     0.0      22       0
   108  1.8742273e-03  6.8774036e-04   8.74e-04  1.565e-04     0.0      22       0
   109  1.7903526e-03  4.5652131e-04   7.90e-04  1.471e-04     0.0      21       0
   110  1.7769658e-03  1.4980411e-03   7.77e-04  1.788e-04     0.0      21       0
   111  1.8380019e-03  1.5840745e-03   8.38e-04  2.165e-04     0.0      21       0
   112  1.7042038e-03  4.0302808e-04   7.04e-04  1.355e-04     0.0      21       0
   113  1.6947987e-03  3.1434384e-04   6.95e-04  1.320e-04     0.0      21       0
   114  1.6876259e-03  2.8101547e-04   6.88e-04  1.298e-04     0.0      21       0
   115  1.6613316e-03  5.8562437e-04   6.61e-04  1.466e-04     0.0      21       0
   116  1.6451646e-03  4.1936714e-04   6.45e-04  1.335e-04    -0.3      21       0
   117  1.6388957e-03  1.9921545e-04   6.39e-04  1.230e-04     0.0      21       0
   118  1.6357411e-03  2.0932623e-04   6.36e-04  1.226e-04     0.0      21       0
   119  1.6327227e-03  1.4532883e-04   6.33e-04  1.192e-04     0.0      21       0
   120  1.6292934e-03  3.6945816e-04   6.29e-04  1.290e-04     0.0      21       0
   121  1.6276791e-03  3.6675569e-04   6.28e-04  1.299e-04    -0.3      21       0
   122  1.6230802e-03  1.5361594e-04   6.23e-04  1.185e-04     0.0      21       0
   123  1.6218228e-03  1.1158121e-04   6.22e-04  1.164e-04     0.0      21       0
   124  1.6180731e-03  1.3096882e-04   6.18e-04  1.171e-04     0.0      21       0
   125  1.6202625e-03  7.3992615e-04   6.20e-04  1.476e-04    -0.3      21       0
   126  1.6060205e-03  2.1091815e-04   6.06e-04  1.215e-04    -0.3      21       0
   127  1.6043544e-03  9.5310605e-05   6.04e-04  1.151e-04     0.0      21       0
   128  1.6036203e-03  7.2725809e-05   6.04e-04  1.139e-04     0.0      21       0
   129  1.6015325e-03  6.5327010e-05   6.02e-04  1.133e-04     0.0      21       0
   130  1.6012533e-03  2.4480900e-04   6.01e-04  1.220e-04    -0.3      21       0
   131  1.6010830e-03  3.6117458e-04   6.01e-04  1.277e-04    -0.3      21       0
   132  1.5988326e-03  4.9907082e-05   5.99e-04  1.123e-04     0.0      21       0
   133  1.5985901e-03  5.2024520e-05   5.99e-04  1.124e-04     0.0      21       0
   134  1.5976630e-03  4.5057823e-05   5.98e-04  1.120e-04     0.0      21       0
   135  1.5968683e-03  4.7028451e-04   5.97e-04  1.328e-04    -0.3      21       0
   136  1.5968298e-03  2.9761124e-04   5.97e-04  1.252e-04    -0.3      21       0  2.0032703e+01
   137  1.1001198e-03  3.2702752e-04   1.00e-04  8.673e-05     0.0      21       0

 EXIT -- Found a root

 Products with A     :     184        Total time   (secs) :     0.5
 Products with A'    :     138        Project time (secs) :     0.1
 Newton iterations   :       4        Mat-vec time (secs) :     0.1
 Line search its     :      57        Subspace iterations :       0

